0,213.80389404296875,186.70912170410156,-0.7931721806526184,215.36085510253906,268.1513671875,-0.742071807384491,197.0341339111328,311.2687072753906,-0.816012978553772,
1,108.81896209716797,175.15777587890625,-0.7221159338951111,78.12155151367188,254.25404357910156,-0.7779392004013062,82.58946228027344,278.67742919921875,-0.9040403366088867,
0,213.80389404296875,186.70912170410156,-0.7931721806526184,215.36085510253906,268.1513671875,-0.742071807384491,197.0341339111328,311.2687072753906,-0.816012978553772,
1,108.81896209716797,175.15777587890625,-0.7221159338951111,78.12155151367188,254.25404357910156,-0.7779392004013062,82.58946228027344,278.67742919921875,-0.9040403366088867,
0,213.80389404296875,186.70912170410156,-0.7931721806526184,215.36085510253906,268.1513671875,-0.742071807384491,197.0341339111328,311.2687072753906,-0.816012978553772,
1,108.81896209716797,175.15777587890625,-0.7221159338951111,78.12155151367188,254.25404357910156,-0.7779392004013062,82.58946228027344,278.67742919921875,-0.9040403366088867,
0,213.80389404296875,186.70912170410156,-0.7931721806526184,215.36085510253906,268.1513671875,-0.742071807384491,197.0341339111328,311.2687072753906,-0.816012978553772,
1,108.81896209716797,175.15777587890625,-0.7221159338951111,78.12155151367188,254.25404357910156,-0.7779392004013062,82.58946228027344,278.67742919921875,-0.9040403366088867,
0,240.0768280029297,150.4015655517578,-0.08956706523895264,261.0890197753906,302.71063232421875,0.05370219796895981,272.1908874511719,401.45257568359375,-0.46727973222732544,
1,60.522552490234375,123.59716796875,-0.7763990759849548,-41.477413177490234,254.52967834472656,-0.928303599357605,-56.946754455566406,364.94500732421875,-1.2799900770187378,
0,237.49240112304688,154.64840698242188,-0.40157443284988403,260.6243591308594,302.6691589355469,-0.32110580801963806,261.24468994140625,387.9049377441406,-0.8467116355895996,
1,52.48603439331055,127.093505859375,-0.822504997253418,-32.573612213134766,264.6928405761719,-1.0253552198410034,-7.969165802001953,353.3480224609375,-1.5285392999649048,
0,243.52810668945312,150.5543975830078,-0.3308617174625397,260.8905029296875,284.182861328125,-0.218521386384964,267.65374755859375,371.69403076171875,-0.8014551401138306,
1,61.04353332519531,127.88722229003906,-0.8215978741645813,10.944009780883789,255.08706665039062,-0.9944548606872559,-2.507328510284424,356.3127136230469,-1.443579077720642,
0,252.14845275878906,150.54930114746094,-0.5116977095603943,255.6155242919922,279.195556640625,-0.5236484408378601,232.1330108642578,294.75482177734375,-1.0650241374969482,
1,71.16963958740234,128.2377471923828,-0.7191840410232544,18.33409309387207,255.042236328125,-0.5631753206253052,6.699288368225098,356.59228515625,-0.7554606199264526,
0,249.47410583496094,148.45162963867188,-0.5961911678314209,255.86447143554688,279.3009948730469,-0.9012913703918457,201.46875,242.8511199951172,-1.6784496307373047,
1,73.48870086669922,128.20399475097656,-0.6255719661712646,30.53399658203125,247.82354736328125,-0.7248293161392212,33.65412139892578,319.75775146484375,-1.4322375059127808,
0,215.6573486328125,145.93829345703125,-0.4707586169242859,216.24850463867188,253.1576385498047,-0.673444926738739,184.98880004882812,241.36639404296875,-1.2627912759780884,
1,73.31278228759766,129.4290313720703,-0.43928056955337524,51.24726104736328,238.82920837402344,-0.6645790338516235,53.21779251098633,319.1345520019531,-1.3738305568695068,
0,213.9747314453125,146.0258331298828,-0.5719146132469177,221.86337280273438,261.6885681152344,-0.7390866279602051,182.5151824951172,245.07305908203125,-1.254834532737732,
1,72.32832336425781,129.35438537597656,-0.5548000335693359,51.84088897705078,238.98233032226562,-0.7273832559585571,63.62751388549805,322.423583984375,-1.3791859149932861,
0,186.4149627685547,146.1033935546875,-0.17687910795211792,194.99314880371094,244.17767333984375,-0.33663520216941833,159.19883728027344,236.30677795410156,-0.7003183960914612,
1,71.7119369506836,132.23358154296875,-0.0812765583395958,48.70402526855469,230.96490478515625,-0.3665948510169983,46.196624755859375,293.29656982421875,-1.0877479314804077,
0,175.0037841796875,142.20997619628906,0.13848379254341125,176.16046142578125,217.59579467773438,0.09195907413959503,150.50950622558594,238.98573303222656,-0.21399939060211182,
1,68.77422332763672,135.4341583251953,0.19414636492729187,44.151893615722656,227.30661010742188,-0.09372778236865997,40.27813720703125,284.8878173828125,-0.7564064860343933,
0,170.3511199951172,140.74472045898438,0.18439388275146484,179.0664825439453,218.69281005859375,0.06344905495643616,170.53662109375,231.3895721435547,-0.3541068732738495,
1,69.59503936767578,135.1094970703125,0.1724354326725006,44.44207763671875,223.63600158691406,-0.12461645901203156,45.73252868652344,265.3671875,-0.7739652991294861,
0,165.01956176757812,139.70057678222656,0.09397374838590622,181.41864013671875,222.26490783691406,-0.08884787559509277,174.1169891357422,215.78814697265625,-0.4989004135131836,
1,78.80641174316406,134.94480895996094,0.11085202544927597,56.83247375488281,216.10850524902344,-0.2557695209980011,69.76839447021484,234.6392364501953,-0.9097384214401245,
0,173.31336975097656,134.0943145751953,0.03333256021142006,187.54730224609375,216.34246826171875,-0.05438215285539627,178.13189697265625,227.5919647216797,-0.42486509680747986,
1,78.08562469482422,129.69967651367188,0.04424590989947319,53.5755615234375,211.35096740722656,-0.21093520522117615,63.260955810546875,242.6887664794922,-0.8156120181083679,
0,174.03541564941406,134.88600158691406,0.002407744061201811,187.3173370361328,216.3395538330078,-0.13742879033088684,177.595947265625,223.5595703125,-0.5224161148071289,
1,90.08840942382812,131.0880889892578,0.027090448886156082,71.98365020751953,214.80921936035156,-0.2664702832698822,94.45097351074219,237.98971557617188,-0.807874321937561,
0,175.5111846923828,132.59298706054688,0.009206382557749748,187.9213104248047,212.6237030029297,-0.14353856444358826,179.21630859375,222.78286743164062,-0.5426310896873474,
1,100.3804702758789,128.73748779296875,0.07800813764333725,74.36483001708984,199.37709045410156,-0.2677602469921112,78.84596252441406,206.39817810058594,-0.852820873260498,
0,164.46035766601562,132.42361450195312,-0.17213088274002075,165.89141845703125,202.0058135986328,-0.34806880354881287,149.7013397216797,194.5941619873047,-0.5538438558578491,
1,120.30219268798828,129.30532836914062,-0.18441802263259888,91.62261962890625,190.54483032226562,-0.44711050391197205,112.48956298828125,198.59860229492188,-0.8019679188728333,
0,183.79537963867188,124.82028198242188,0.11389913409948349,178.36485290527344,199.5955047607422,0.07881732285022736,184.64617919921875,195.31234741210938,-0.1579095721244812,
1,111.86942291259766,124.16414642333984,0.12617255747318268,89.43965911865234,189.55841064453125,-0.1989123523235321,102.78227233886719,202.1380157470703,-0.7742916345596313,
0,193.58108520507812,125.48638153076172,-0.025959303602576256,180.01742553710938,204.97103881835938,0.02188694104552269,181.2968292236328,237.8629150390625,-0.33930331468582153,
1,112.81324768066406,124.42343139648438,0.07523029297590256,97.6693344116211,191.63233947753906,-0.16526339948177338,117.98287963867188,210.19493103027344,-0.6553687453269958,
0,184.61245727539062,126.45588684082031,-0.16685234010219574,157.0773162841797,206.68936157226562,-0.13853824138641357,166.76568603515625,238.4044952392578,-0.21825262904167175,
1,124.00823974609375,124.6384048461914,-0.01610976830124855,114.15629577636719,193.07733154296875,-0.21943514049053192,142.1680908203125,217.71124267578125,-0.5442425012588501,
0,196.81947326660156,126.47588348388672,-0.1690455675125122,176.90548706054688,206.86102294921875,-0.19184598326683044,164.98887634277344,243.03082275390625,-0.32541894912719727,
1,118.35406494140625,124.86695861816406,0.10208994150161743,101.97555541992188,194.39370727539062,-0.06689529120922089,120.63253784179688,202.03323364257812,-0.562763512134552,
0,200.32774353027344,125.51487731933594,-0.18140283226966858,187.600830078125,206.52149963378906,-0.24503251910209656,161.38021850585938,246.09524536132812,-0.3378058075904846,
1,118.00503540039062,123.664794921875,0.16209858655929565,96.6353759765625,188.03744506835938,0.014009445905685425,113.61306762695312,205.3929901123047,-0.5141545534133911,
0,201.74127197265625,125.33853912353516,-0.0731414258480072,196.65350341796875,206.8148193359375,-0.17451933026313782,163.92877197265625,245.44248962402344,-0.3609972596168518,
1,117.2359390258789,123.66767120361328,0.2259887456893921,94.69303894042969,184.29922485351562,0.005186248105019331,112.20954132080078,177.01522827148438,-0.527506947517395,
0,200.95071411132812,125.43063354492188,-0.03355879336595535,199.9907684326172,205.9747314453125,-0.1751873642206192,172.00521850585938,213.191650390625,-0.5292412042617798,
1,115.94674682617188,123.31402587890625,0.16630209982395172,92.01324462890625,183.14102172851562,0.059892795979976654,56.97865295410156,191.3169708251953,-0.38808590173721313,
0,200.15472412109375,124.44148254394531,0.030095811933279037,205.9636688232422,198.647705078125,-0.09101422876119614,194.5684814453125,197.21038818359375,-0.4773688316345215,
1,115.19255828857422,122.36031341552734,0.13485251367092133,91.54722595214844,182.5030059814453,-0.02367296628654003,70.93640899658203,172.71253967285156,-0.5145949125289917,
0,199.99163818359375,124.03076934814453,0.012293410487473011,207.82827758789062,196.72860717773438,-0.06068345904350281,201.84512329101562,203.20848083496094,-0.43140721321105957,
1,114.57622528076172,122.421630859375,0.08600707352161407,90.69571685791016,182.66558837890625,-0.12318585813045502,74.69049835205078,172.763916015625,-0.6322916150093079,
0,196.892822265625,124.16764068603516,0.022816559299826622,206.97445678710938,194.05616760253906,-0.26001861691474915,199.8943328857422,178.3894805908203,-0.760677695274353,
1,113.628173828125,122.28338623046875,0.09617878496646881,82.12286376953125,184.34152221679688,-0.17834483087062836,85.73309326171875,159.73397827148438,-0.7064856290817261,
0,191.97503662109375,124.14231872558594,0.004161117598414421,205.76107788085938,194.49424743652344,-0.33016595244407654,195.93426513671875,164.2260284423828,-0.8524613380432129,
1,111.83094787597656,122.37142944335938,0.09818475693464279,82.16314697265625,186.86476135253906,-0.12975870072841644,88.43072509765625,171.417236328125,-0.6106964349746704,
0,190.98773193359375,123.73711395263672,-0.004533041268587112,204.94918823242188,195.79458618164062,-0.29262661933898926,202.82489013671875,177.8663330078125,-0.8528935313224792,
1,108.11454772949219,122.9068832397461,0.002983933547511697,84.59368896484375,195.4152374267578,-0.12486244738101959,90.04508972167969,222.02655029296875,-0.5026226043701172,
0,190.00230407714844,122.6839828491211,-0.051843564957380295,204.5111846923828,194.7774658203125,-0.32253628969192505,204.6395263671875,174.0400390625,-0.8787217140197754,
1,106.28575134277344,123.58676147460938,-0.04804572835564613,85.53600311279297,197.5275421142578,-0.12650790810585022,90.25691223144531,227.52870178222656,-0.4848494529724121,
0,188.8887939453125,122.43186950683594,-0.12709477543830872,204.35687255859375,191.27523803710938,-0.40673723816871643,203.3795166015625,168.61727905273438,-0.859551727771759,
1,106.39695739746094,123.5901107788086,-0.031872399151325226,90.86406707763672,197.0421142578125,-0.12655127048492432,93.40995788574219,217.4465789794922,-0.4338659346103668,
0,188.33616638183594,121.86697387695312,-0.1427973210811615,202.92218017578125,191.20465087890625,-0.37125763297080994,199.36439514160156,172.20358276367188,-0.8305471539497375,
1,105.62921142578125,123.25920867919922,-0.09830443561077118,90.73307037353516,196.73904418945312,-0.1489773690700531,93.22468566894531,214.78009033203125,-0.4428660273551941,
0,187.14193725585938,121.93545532226562,-0.17996765673160553,202.82479858398438,191.8560791015625,-0.3030478060245514,196.90476989746094,192.35601806640625,-0.5614181756973267,
1,105.75637817382812,123.18453216552734,-0.1270981729030609,90.41384887695312,196.25486755371094,-0.19452780485153198,101.8398666381836,213.4720458984375,-0.4740908145904541,
0,184.70608520507812,122.02861022949219,-0.18672849237918854,201.74624633789062,192.2184600830078,-0.28622353076934814,189.98915100097656,193.97268676757812,-0.49349817633628845,
1,106.1544418334961,123.00845336914062,-0.1291823387145996,90.36126708984375,195.42149353027344,-0.21103861927986145,108.80008697509766,211.86563110351562,-0.45507001876831055,
0,184.59820556640625,121.78437805175781,-0.1592109650373459,201.09539794921875,192.4857177734375,-0.2949010729789734,190.00506591796875,193.76651000976562,-0.5948399305343628,
1,106.22068786621094,122.19147491455078,-0.08958808332681656,88.97773742675781,194.4338836669922,-0.15817126631736755,99.3619613647461,212.17007446289062,-0.41757550835609436,
0,183.8485107421875,121.263671875,-0.14628563821315765,198.43875122070312,190.3699188232422,-0.1397935301065445,190.88055419921875,211.99264526367188,-0.38301411271095276,
1,106.24935913085938,121.96627807617188,-0.07534577697515488,88.89031982421875,190.1085662841797,-0.11565166711807251,84.87126159667969,204.84567260742188,-0.4251651167869568,
0,183.97372436523438,121.2238998413086,-0.09778742492198944,198.537109375,190.8605499267578,-0.11140108108520508,187.6789093017578,209.08448791503906,-0.36761239171028137,
1,106.22574615478516,121.53565216064453,-0.046532079577445984,88.836669921875,187.76541137695312,-0.12883244454860687,89.85672760009766,189.68194580078125,-0.5012710690498352,
0,183.9892578125,121.0722427368164,-0.09933148324489594,198.6070556640625,191.0250701904297,-0.12641111016273499,186.49655151367188,210.9321746826172,-0.37831762433052063,
1,106.16653442382812,121.37373352050781,-0.051456648856401443,89.18445587158203,186.7596435546875,-0.15211597084999084,91.766845703125,190.16966247558594,-0.5343822836875916,
0,185.00537109375,121.21302795410156,-0.12428945302963257,198.84698486328125,192.06663513183594,-0.2789466679096222,184.3266143798828,188.70925903320312,-0.6230260133743286,
1,106.40220642089844,121.25335693359375,-0.051531799137592316,90.12913513183594,187.85308837890625,-0.19154243171215057,108.15956115722656,180.14230346679688,-0.5871193408966064,
0,186.68060302734375,120.8705825805664,-0.13397812843322754,204.06674194335938,187.45689392089844,-0.2947445213794708,183.201171875,178.0515899658203,-0.638649582862854,
1,107.60181427001953,121.26710510253906,-0.07933184504508972,92.11837005615234,188.62945556640625,-0.2509376108646393,114.75492858886719,181.86367797851562,-0.6424295902252197,
0,188.15457153320312,120.40863800048828,-0.12811854481697083,208.76600646972656,184.4822540283203,-0.33399325609207153,176.16461181640625,171.64195251464844,-0.7023054361343384,
1,109.12702941894531,121.14493560791016,0.030160510912537575,91.98472595214844,187.68545532226562,-0.12665104866027832,114.5797119140625,184.25254821777344,-0.5821146965026855,
0,190.5154266357422,119.89691162109375,-0.09448935091495514,213.63433837890625,184.16030883789062,-0.33388587832450867,177.56390380859375,177.13461303710938,-0.755818784236908,
1,111.60324096679688,121.2581787109375,0.08121252059936523,90.70710754394531,185.93724060058594,-0.014965157024562359,116.83755493164062,199.4976348876953,-0.3995753824710846,
0,191.2928466796875,119.41475677490234,-0.11893091350793839,214.73263549804688,183.70016479492188,-0.3652016818523407,178.82766723632812,177.68031311035156,-0.753487229347229,
1,111.88953399658203,121.74810028076172,0.05261030048131943,90.52749633789062,186.28042602539062,-0.04229069501161575,117.30622863769531,204.1409454345703,-0.4089917242527008,
0,192.16688537597656,119.12373352050781,-0.08432678878307343,214.30087280273438,183.5067138671875,-0.33330267667770386,181.93524169921875,178.2291717529297,-0.7492651343345642,
1,113.04692077636719,122.83026885986328,0.05176268145442009,90.14886474609375,185.7385711669922,-0.002987094223499298,115.00115966796875,209.7561798095703,-0.32409873604774475,
0,194.8007354736328,119.03704833984375,-0.10869807004928589,215.2677764892578,184.01913452148438,-0.36391183733940125,186.46803283691406,179.51889038085938,-0.7839075326919556,
1,114.91996765136719,124.3514404296875,0.03906404227018356,90.2071533203125,185.98814392089844,0.023058900609612465,113.91737365722656,218.6634063720703,-0.2509080171585083,
0,195.9791717529297,118.73177337646484,-0.0870022177696228,215.05979919433594,182.47354125976562,-0.3601212501525879,186.434326171875,180.19406127929688,-0.7270491123199463,
1,116.33708953857422,124.39161682128906,0.07251773774623871,91.06414031982422,184.14044189453125,-0.01984347775578499,113.19164276123047,213.43186950683594,-0.3126335144042969,
0,197.03680419921875,118.5772476196289,-0.03374198079109192,214.31954956054688,181.501220703125,-0.2943950295448303,184.59747314453125,180.72467041015625,-0.5901931524276733,
1,117.41519165039062,124.35795593261719,0.15732327103614807,91.55250549316406,182.9267120361328,0.026740875095129013,112.83544921875,213.27163696289062,-0.29910415410995483,
0,197.63211059570312,118.600830078125,-0.1618887335062027,213.89767456054688,181.92898559570312,-0.38439661264419556,177.32815551757812,180.75881958007812,-0.6771358251571655,
1,118.94911193847656,124.40287017822266,0.13695889711380005,92.9805908203125,183.17909240722656,-0.09335838258266449,112.95770263671875,196.0860137939453,-0.53897625207901,
0,197.59645080566406,118.38542175292969,-0.12301888316869736,213.84552001953125,181.35867309570312,-0.2955334782600403,176.30038452148438,180.93873596191406,-0.6158744096755981,
1,119.83956909179688,124.37916564941406,0.10741882026195526,95.05316925048828,182.54151916503906,-0.07885605096817017,112.86717224121094,190.56216430664062,-0.5197235345840454,
0,198.12852478027344,117.87107849121094,-0.03124973177909851,214.2855682373047,179.47398376464844,-0.14422859251499176,188.9755859375,183.60333251953125,-0.4141395688056946,
1,120.7752914428711,123.78467559814453,0.08916416764259338,98.57659149169922,182.7693634033203,-0.09824961423873901,115.89557647705078,176.27114868164062,-0.4908220171928406,
0,198.94479370117188,118.16725158691406,-0.05155471712350845,213.8572998046875,180.96932983398438,-0.23809365928173065,191.30288696289062,181.81719970703125,-0.5304839015007019,
1,120.19649505615234,124.27090454101562,0.04554200544953346,104.85600280761719,190.18235778808594,-0.1900765299797058,116.6307144165039,169.7109832763672,-0.5798835158348083,
0,199.28482055664062,118.35726928710938,-0.0752994567155838,213.63201904296875,181.04405212402344,-0.31448107957839966,194.74642944335938,181.5395050048828,-0.6884118318557739,
1,119.82572937011719,124.41241455078125,0.0030333681497722864,105.82411193847656,192.2591552734375,-0.24460265040397644,116.30038452148438,168.64427185058594,-0.6682463884353638,
0,199.03982543945312,118.37570190429688,-0.10758994519710541,212.25177001953125,181.1171112060547,-0.34716349840164185,204.60220336914062,171.85780334472656,-0.7384480834007263,
1,119.75106811523438,124.31375122070312,-0.021497081965208054,105.63521575927734,191.87994384765625,-0.25098684430122375,108.91281127929688,166.10411071777344,-0.6683515310287476,
0,198.7648162841797,118.38876342773438,-0.0472673624753952,210.9010009765625,182.1407012939453,-0.23851856589317322,220.57296752929688,173.85031127929688,-0.6270143985748291,
1,119.81094360351562,124.30662536621094,0.08630667626857758,106.04752349853516,191.59414672851562,-0.06150738522410393,105.71038818359375,170.30224609375,-0.4596727788448334,
0,197.8463897705078,118.4015884399414,-0.04864176735281944,206.51629638671875,182.216064453125,-0.24056045711040497,217.3711395263672,178.23818969726562,-0.635546088218689,
1,119.68293762207031,123.71794128417969,0.09275967627763748,105.17999267578125,189.47979736328125,-0.012521055527031422,95.99349975585938,173.62310791015625,-0.3929343819618225,
0,197.28285217285156,118.4087142944336,-0.051815517246723175,205.02261352539062,182.27618408203125,-0.24424390494823456,216.74478149414062,180.4425811767578,-0.647039532661438,
1,119.58676147460938,123.32552337646484,0.09418442845344543,104.57835388183594,188.25721740722656,-0.0018299242947250605,93.03213500976562,175.30429077148438,-0.3803354501724243,
0,196.90689086914062,118.25201416015625,-0.055212847888469696,203.76406860351562,182.7047119140625,-0.24942398071289062,215.54415893554688,181.44276428222656,-0.6386152505874634,
1,119.73443603515625,122.79393005371094,0.07508504390716553,105.10718536376953,188.6935577392578,-0.11409921944141388,103.33714294433594,162.8694305419922,-0.5187342166900635,
0,196.30770874023438,118.18505096435547,-0.05082477256655693,204.19671630859375,183.31842041015625,-0.2370336353778839,215.85678100585938,182.75918579101562,-0.6127579808235168,
1,119.67439270019531,122.6373062133789,0.029435331001877785,104.77771759033203,191.64683532714844,-0.1879488229751587,113.78434753417969,162.18911743164062,-0.5897149443626404,
0,195.4513702392578,118.16114044189453,-0.08324668556451797,204.51170349121094,182.78585815429688,-0.24164655804634094,217.17831420898438,182.94386291503906,-0.6536434888839722,
1,119.28816986083984,122.11712646484375,0.032147862017154694,101.06574249267578,188.66685485839844,-0.02803637646138668,85.17694091796875,178.4088897705078,-0.3819420635700226,
0,195.01553344726562,118.14286041259766,-0.0901099145412445,204.72848510742188,182.53135681152344,-0.24218599498271942,217.910400390625,182.98667907714844,-0.6739155054092407,
1,119.04652404785156,121.68473815917969,0.04153820127248764,99.31404113769531,186.9732666015625,0.000395859417039901,80.50579071044922,182.49610900878906,-0.36005741357803345,
0,194.388671875,118.0655746459961,-0.0904088020324707,204.62232971191406,182.56329345703125,-0.24622133374214172,216.1507568359375,185.73709106445312,-0.6720744371414185,
1,118.16792297363281,121.63714599609375,0.0060774171724915504,99.4241943359375,186.9907684326172,-0.1552349478006363,93.37654876708984,177.55735778808594,-0.5680381059646606,
0,193.6562957763672,118.1959457397461,-0.06743676960468292,204.62759399414062,182.60939025878906,-0.22268839180469513,215.19186401367188,185.66094970703125,-0.5929755568504333,
1,116.58306121826172,121.62138366699219,0.007709125988185406,99.74824523925781,187.00640869140625,-0.16378140449523926,97.00347900390625,172.05772399902344,-0.5397579669952393,
0,191.6539306640625,118.1996841430664,0.0054892562329769135,204.20941162109375,182.6181640625,-0.15529628098011017,215.01791381835938,185.73594665527344,-0.5355490446090698,
1,114.39556884765625,121.62401580810547,0.05445234850049019,99.77508544921875,185.26437377929688,-0.15321862697601318,94.98403930664062,159.80323791503906,-0.503024697303772,
0,190.80612182617188,118.2703628540039,0.012906213290989399,203.59117126464844,182.9153289794922,-0.15174709260463715,215.56866455078125,185.7568359375,-0.5388091206550598,
1,113.3511734008789,121.62728881835938,0.06991000473499298,99.81761169433594,184.59274291992188,-0.13184478878974915,92.11150360107422,156.2223663330078,-0.48751315474510193,
0,189.90066528320312,118.22982788085938,0.0023078029043972492,203.65185546875,183.00001525878906,-0.1790013462305069,215.30557250976562,185.6864471435547,-0.5640622973442078,
1,112.48375701904297,121.28981018066406,0.10375620424747467,98.85188293457031,183.77040100097656,-0.08692801743745804,80.39933776855469,148.77732849121094,-0.4739319384098053,
0,189.56423950195312,118.21258544921875,0.00220137694850564,203.51193237304688,183.1431884765625,-0.17780667543411255,215.08798217773438,185.9112548828125,-0.5757576823234558,
1,112.16749572753906,121.13392639160156,0.10612354427576065,98.14581298828125,183.63185119628906,-0.08818961679935455,76.39551544189453,143.3738250732422,-0.5055641531944275,
0,189.60772705078125,118.29471588134766,-0.03943203017115593,204.05487060546875,183.4018096923828,-0.18667373061180115,213.85696411132812,186.109375,-0.5258924961090088,
1,112.299560546875,121.14221954345703,0.07792458683252335,97.47750854492188,183.57066345214844,-0.11658183485269547,75.42573547363281,142.13009643554688,-0.5025227665901184,
0,189.72055053710938,118.36671447753906,-0.06647948175668716,203.19241333007812,183.4912872314453,-0.22376075387001038,209.16305541992188,184.06544494628906,-0.5881749987602234,
1,112.22334289550781,121.14688110351562,0.026243906468153,97.5168685913086,183.59088134765625,-0.1627623587846756,75.79427337646484,145.70669555664062,-0.5562157034873962,
0,189.80276489257812,118.37055206298828,-0.07269804179668427,202.7958526611328,183.4949493408203,-0.22690275311470032,207.91725158691406,183.23907470703125,-0.597973108291626,
1,112.15467834472656,121.1506576538086,0.008942443877458572,97.50634765625,183.64517211914062,-0.17292079329490662,75.63751220703125,146.93544006347656,-0.5651958584785461,
0,189.16433715820312,118.39035034179688,-0.069185271859169,202.34060668945312,183.48248291015625,-0.20140787959098816,208.1108856201172,185.50729370117188,-0.584326982498169,
1,112.1494140625,121.13862609863281,0.019104596227407455,95.57196044921875,182.91224670410156,-0.16070815920829773,62.71421432495117,148.3392333984375,-0.5508850812911987,
0,188.9846649169922,118.41570281982422,-0.10832162201404572,202.011474609375,183.49859619140625,-0.2716448903083801,209.74240112304688,185.94395446777344,-0.6517846584320068,
1,112.16725158691406,120.93213653564453,0.005779844708740711,95.67254638671875,182.9866485595703,-0.16976450383663177,73.97565460205078,152.80857849121094,-0.572701096534729,
0,188.9741668701172,118.41899871826172,-0.0791420042514801,201.71189880371094,183.50430297851562,-0.16975292563438416,213.9130859375,191.81640625,-0.468778133392334,
1,112.18722534179688,120.99712371826172,-0.003946354612708092,96.1678695678711,185.9171142578125,-0.19058546423912048,102.2334213256836,163.0625762939453,-0.5584057569503784,
0,188.4351806640625,118.44860076904297,-0.0765918493270874,201.75775146484375,183.55580139160156,-0.1771262139081955,217.90367126464844,191.21746826171875,-0.5055698752403259,
1,112.23773956298828,120.94605255126953,-0.04343025013804436,97.41363525390625,187.5619659423828,-0.251943975687027,108.27645111083984,163.2354278564453,-0.6100147366523743,
0,188.10118103027344,118.46904754638672,-0.07355517894029617,201.95166015625,183.5515899658203,-0.17178469896316528,219.7890625,192.6627655029297,-0.4919160008430481,
1,112.2763442993164,120.89225006103516,-0.05895621329545975,97.80888366699219,188.17515563964844,-0.2753574252128601,107.71476745605469,162.31884765625,-0.6379741430282593,
0,187.65426635742188,118.14533233642578,-0.0554133839905262,201.97842407226562,183.22882080078125,-0.2156856507062912,209.8460235595703,181.3592987060547,-0.5761356353759766,
1,112.23779296875,120.6767578125,-0.043208420276641846,98.36407470703125,188.3076629638672,-0.23834243416786194,111.39804077148438,163.39300537109375,-0.5757076740264893,
0,187.04315185546875,118.12548828125,-0.053486358374357224,201.64447021484375,183.36001586914062,-0.21738150715827942,211.12774658203125,182.28359985351562,-0.5863052010536194,
1,111.58061981201172,120.67572021484375,-0.015714284032583237,98.01604461669922,188.20687866210938,-0.21681666374206543,105.28500366210938,158.77528381347656,-0.5667403936386108,
0,186.89288330078125,118.40514373779297,-0.07576592266559601,201.5487518310547,183.9634552001953,-0.2394062727689743,211.18873596191406,183.4468994140625,-0.6294790506362915,
1,110.95907592773438,120.75376892089844,-0.004374308045953512,95.37440490722656,188.13206481933594,-0.17921803891658783,72.63687133789062,155.6683349609375,-0.5664010643959045,
0,186.7820587158203,118.50037384033203,-0.0788559541106224,201.2069854736328,184.40130615234375,-0.23482415080070496,211.3590087890625,185.53262329101562,-0.6130361557006836,
1,110.59325408935547,120.83600616455078,0.0049712201580405235,94.22659301757812,188.0800018310547,-0.15436910092830658,67.91761016845703,154.39846801757812,-0.5584406852722168,
0,186.3043975830078,118.478271484375,-0.07866080105304718,201.89630126953125,184.43606567382812,-0.22702912986278534,214.9321746826172,186.2869415283203,-0.5843378901481628,
1,109.95667266845703,120.77047729492188,0.006817188113927841,92.58622741699219,187.11627197265625,-0.15747787058353424,59.8314323425293,148.65838623046875,-0.556552529335022,
0,185.8865203857422,118.45732116699219,-0.08557384461164474,201.902099609375,184.4276580810547,-0.22797003388404846,218.25863647460938,186.82179260253906,-0.6137770414352417,
1,109.15106201171875,120.65399932861328,0.009711149148643017,91.97327423095703,186.4433135986328,-0.15157194435596466,54.89832305908203,147.54745483398438,-0.5561047792434692,
0,185.6259765625,118.46304321289062,-0.09483759850263596,201.86871337890625,184.44436645507812,-0.28986090421676636,213.27700805664062,184.14622497558594,-0.6795302629470825,
1,108.90852355957031,120.73477172851562,-0.020473938435316086,92.3134765625,186.5294189453125,-0.25968486070632935,79.8707504272461,145.7871856689453,-0.6558135151863098,
0,185.63270568847656,118.48389434814453,-0.09546308219432831,201.44094848632812,184.42994689941406,-0.20819716155529022,213.24795532226562,189.45742797851562,-0.4821125864982605,
1,108.84041595458984,120.73116302490234,-0.09739333391189575,94.43782043457031,189.6661834716797,-0.34624403715133667,110.79954528808594,151.91452026367188,-0.7087563276290894,
0,185.53692626953125,118.52479553222656,-0.1053127646446228,200.87496948242188,184.41673278808594,-0.21040594577789307,212.409912109375,189.8880157470703,-0.5056256651878357,
1,108.71156311035156,120.75395202636719,-0.1079888567328453,95.7530517578125,190.98223876953125,-0.34883907437324524,116.25968933105469,155.1905517578125,-0.7081361413002014,
0,184.73245239257812,118.23682403564453,-0.13784284889698029,200.82000732421875,184.11863708496094,-0.30696752667427063,204.172607421875,182.23143005371094,-0.6538156867027283,
1,108.47303771972656,120.73312377929688,-0.12929770350456238,95.23049926757812,190.69699096679688,-0.37548139691352844,113.81041717529297,155.97189331054688,-0.7527932524681091,
0,184.70765686035156,118.24897003173828,-0.16106444597244263,200.70980834960938,184.5087890625,-0.34516870975494385,200.8480987548828,182.6944580078125,-0.7064934372901917,
1,108.44615173339844,120.7181625366211,-0.09682904928922653,95.20872497558594,190.51173400878906,-0.3268006145954132,106.74812316894531,165.3770751953125,-0.7000671625137329,
0,184.65771484375,118.08521270751953,-0.11981997638940811,200.73504638671875,184.30299377441406,-0.30933505296707153,196.3737335205078,176.470703125,-0.6654370427131653,
1,108.5340576171875,120.75110626220703,-0.04676801711320877,95.37100982666016,190.4036102294922,-0.2628142833709717,109.99525451660156,165.20582580566406,-0.6008298397064209,
0,184.6271514892578,117.9514389038086,-0.09576517343521118,200.73971557617188,184.09512329101562,-0.29475125670433044,196.07711791992188,175.83810424804688,-0.6484662890434265,
1,108.62432861328125,120.77635192871094,-0.0234896969050169,95.52379608154297,190.29869079589844,-0.223348930478096,110.17032623291016,167.275146484375,-0.55824214220047,
0,184.7189178466797,117.95264434814453,-0.1285780966281891,200.28994750976562,184.16123962402344,-0.34187018871307373,198.2698974609375,177.09835815429688,-0.763615608215332,
1,108.61164093017578,120.89471435546875,-0.0507461242377758,95.77447509765625,190.196533203125,-0.26932665705680847,110.01631164550781,166.72317504882812,-0.6968957185745239,
0,184.3431854248047,117.94355010986328,-0.12431047111749649,200.21621704101562,184.1181640625,-0.3363189697265625,197.94252014160156,177.86216735839844,-0.6881712079048157,
1,108.55610656738281,120.83497619628906,-0.019509349018335342,95.9439926147461,189.6565704345703,-0.203947976231575,92.8743667602539,162.7993927001953,-0.5592067241668701,
0,184.02700805664062,117.85713195800781,-0.08701826632022858,200.18963623046875,183.83151245117188,-0.31768423318862915,195.5210723876953,174.6110382080078,-0.7003804445266724,
1,108.15985107421875,120.46979522705078,-0.0004858914762735367,94.15787506103516,188.04598999023438,-0.1986570656299591,87.01934051513672,156.9767303466797,-0.5745104551315308,
0,183.85928344726562,117.71399688720703,-0.06112607195973396,200.19595336914062,183.70948791503906,-0.31037628650665283,193.84567260742188,171.5240020751953,-0.6948953866958618,
1,107.94309997558594,120.22981262207031,0.013429391197860241,93.38082122802734,187.16317749023438,-0.19366863369941711,87.91738891601562,154.26365661621094,-0.5623340010643005,
0,183.63421630859375,117.70948791503906,-0.14163285493850708,200.85833740234375,183.6393280029297,-0.3840843141078949,193.81192016601562,172.09170532226562,-0.824068546295166,
1,106.78059387207031,120.1588134765625,-0.09273280948400497,93.00076293945312,187.1787109375,-0.3545094132423401,89.07199096679688,154.7342987060547,-0.7926385998725891,
0,183.5831298828125,117.3447265625,-0.1623733788728714,200.82455444335938,183.58424377441406,-0.3850637376308441,194.54818725585938,172.9507293701172,-0.8294466137886047,
1,105.91128540039062,120.50177001953125,-0.11160285770893097,92.56636047363281,188.71636962890625,-0.3765682578086853,91.65606689453125,158.65785217285156,-0.8363450169563293,
0,183.85865783691406,117.27873229980469,-0.22517946362495422,201.28695678710938,183.25901794433594,-0.40774601697921753,193.0797119140625,179.01959228515625,-0.8220435976982117,
1,105.26849365234375,120.77470397949219,-0.12170769274234772,87.28455352783203,188.51388549804688,-0.3445054292678833,91.78724670410156,174.5270538330078,-0.8231347799301147,
0,184.11695861816406,117.23133850097656,-0.22791612148284912,201.5652618408203,183.0228271484375,-0.4151369631290436,192.8817596435547,181.6669921875,-0.8371073603630066,
1,104.88488006591797,120.97500610351562,-0.1054740771651268,85.61103057861328,188.50247192382812,-0.3240510821342468,89.72103881835938,180.79042053222656,-0.7975072264671326,
0,184.22991943359375,117.63513946533203,-0.22394311428070068,202.17698669433594,183.40309143066406,-0.4079091548919678,193.25669860839844,186.29244995117188,-0.8228136897087097,
1,104.23178100585938,121.41653442382812,-0.11760897934436798,81.3096694946289,188.25701904296875,-0.3152676224708557,86.07390594482422,190.58042907714844,-0.770595908164978,
0,184.23255920410156,117.75875854492188,-0.211775541305542,203.046875,181.6707000732422,-0.2653772532939911,191.1696014404297,190.2238006591797,-0.5626271367073059,
1,104.01559448242188,121.7927017211914,-0.14791159331798553,81.07206726074219,185.59954833984375,-0.22744938731193542,86.92902374267578,196.80865478515625,-0.5666342973709106,
0,184.32196044921875,117.80994415283203,-0.19838087260723114,203.54727172851562,181.69683837890625,-0.22753103077411652,191.5113525390625,199.73397827148438,-0.5413678884506226,
1,104.04888153076172,121.79988098144531,-0.13284698128700256,79.29402923583984,183.19973754882812,-0.16092315316200256,89.37796020507812,209.04287719726562,-0.5085126161575317,
0,184.3662872314453,117.83561706542969,-0.18409819900989532,203.84149169921875,181.6781768798828,-0.2236756980419159,191.58209228515625,201.14967346191406,-0.5447283983230591,
1,104.0887451171875,121.80260467529297,-0.12571600079536438,78.7998046875,182.1570587158203,-0.15401916205883026,90.8934326171875,210.5147247314453,-0.5044807195663452,
0,184.79957580566406,118.13971710205078,-0.24070307612419128,204.01950073242188,181.78269958496094,-0.21610739827156067,185.71939086914062,221.22714233398438,-0.45296698808670044,
1,104.12492370605469,122.16911315917969,-0.169187992811203,79.3263931274414,182.24916076660156,-0.16225160658359528,95.97130584716797,218.8521270751953,-0.4621615409851074,
0,185.58267211914062,118.10359954833984,-0.2703581750392914,204.16140747070312,182.32443237304688,-0.2293543815612793,182.757080078125,227.4842071533203,-0.4594959318637848,
1,104.13745880126953,122.27388000488281,-0.18874327838420868,79.97100067138672,182.51104736328125,-0.15125994384288788,100.69245910644531,221.4319305419922,-0.4092504382133484,
0,186.22442626953125,119.09721374511719,-0.2917070686817169,204.50491333007812,182.87562561035156,-0.24495598673820496,184.68771362304688,226.02418518066406,-0.4904293119907379,
1,104.16642761230469,122.26210021972656,-0.21513283252716064,80.11502075195312,182.56338500976562,-0.1743258535861969,101.12837982177734,221.33261108398438,-0.4688764214515686,
0,186.6343536376953,119.73687744140625,-0.2950577139854431,204.7213134765625,183.3909912109375,-0.250203013420105,185.64996337890625,225.96226501464844,-0.49055105447769165,
1,104.18986511230469,122.25808715820312,-0.22173814475536346,80.21747589111328,182.5967254638672,-0.1841202676296234,101.25110626220703,221.455322265625,-0.4776132106781006,
0,186.752197265625,119.7904281616211,-0.27969372272491455,204.81491088867188,183.4288787841797,-0.21646186709403992,185.51315307617188,224.32012939453125,-0.43318089842796326,
1,104.24664306640625,121.97502136230469,-0.15499617159366608,79.82402801513672,180.93759155273438,-0.12813381850719452,100.71046447753906,217.68112182617188,-0.4397358000278473,
0,186.6822967529297,119.44781494140625,-0.16048261523246765,204.69520568847656,181.28916931152344,-0.09397256374359131,185.8446044921875,222.73667907714844,-0.26803550124168396,
1,104.36839294433594,121.54794311523438,-0.08805858343839645,79.71826934814453,179.55709838867188,-0.1052265390753746,93.4089584350586,209.1376190185547,-0.40762895345687866,
0,186.65478515625,119.43748474121094,-0.1671900600194931,204.14796447753906,181.34524536132812,-0.16381272673606873,186.01983642578125,223.21737670898438,-0.39307498931884766,
1,104.64094543457031,121.33139038085938,-0.10110720247030258,79.61420440673828,179.5982666015625,-0.20597311854362488,82.62455749511719,190.31890869140625,-0.6426538228988647,
0,186.6370849609375,119.43299865722656,-0.18350625038146973,203.8937530517578,181.3853759765625,-0.18601934611797333,186.1565399169922,223.3668212890625,-0.41948992013931274,
1,104.78995513916016,121.1658935546875,-0.10902295261621475,79.48284912109375,179.71739196777344,-0.23806186020374298,80.39865112304688,186.2019805908203,-0.6735357046127319,
0,186.6231689453125,119.57841491699219,-0.16541151702404022,203.45628356933594,181.54278564453125,-0.1500260978937149,186.8765411376953,222.4302978515625,-0.37092727422714233,
1,104.993896484375,121.07363891601562,-0.09128256142139435,78.81924438476562,179.8302459716797,-0.266545832157135,83.25375366210938,152.80470275878906,-0.7109740972518921,
0,186.7799072265625,119.17634582519531,-0.23891445994377136,203.42835998535156,181.5723419189453,-0.20060324668884277,188.25729370117188,223.79074096679688,-0.43909913301467896,
1,105.52117919921875,120.96807098388672,-0.17274942994117737,78.6515884399414,179.8607940673828,-0.33053943514823914,70.55535125732422,171.00592041015625,-0.7903075814247131,
0,186.6848602294922,118.76481628417969,-0.2129705250263214,203.33218383789062,181.0795440673828,-0.2001248151063919,190.92901611328125,223.0174102783203,-0.4307172894477844,
1,105.5147476196289,119.8382339477539,-0.16076363623142242,79.06118774414062,179.9559783935547,-0.41136640310287476,91.08109283447266,137.29055786132812,-0.8740704655647278,
0,186.6148223876953,118.52958679199219,-0.20315782725811005,203.258544921875,180.8416290283203,-0.20065124332904816,192.03854370117188,222.61517333984375,-0.42979711294174194,
1,105.51057434082031,119.13066864013672,-0.15507109463214874,79.2947006225586,180.03054809570312,-0.4181942343711853,96.32986450195312,134.51406860351562,-0.8806994557380676,
0,186.601318359375,119.05708312988281,-0.20112073421478271,203.2258758544922,182.60687255859375,-0.19928333163261414,191.31625366210938,223.0771026611328,-0.43293648958206177,
1,103.81524658203125,119.10977172851562,-0.163137286901474,79.48980712890625,185.7818603515625,-0.4430343210697174,96.88668060302734,133.80960083007812,-0.9127920866012573,
0,186.4385986328125,118.7613525390625,-0.20378747582435608,202.93124389648438,182.98336791992188,-0.19472377002239227,186.07174682617188,227.00819396972656,-0.41456907987594604,
1,103.2273178100586,119.85263061523438,-0.15952719748020172,82.50794982910156,188.86390686035156,-0.42074504494667053,93.79296112060547,137.68206787109375,-0.8802016377449036,
0,186.4307403564453,118.7255859375,-0.2005532681941986,203.362060546875,183.76739501953125,-0.16457383334636688,185.27565002441406,226.16307067871094,-0.34333401918411255,
1,103.29118347167969,121.5503158569336,-0.12244357168674469,83.52886199951172,191.36830139160156,-0.39675408601760864,89.85455322265625,146.4312286376953,-0.8716357350349426,
0,186.42495727539062,118.64229583740234,-0.20027442276477814,203.6512451171875,184.20367431640625,-0.16187535226345062,184.87899780273438,225.7289276123047,-0.33794528245925903,
1,103.29721069335938,122.38211822509766,-0.11625287681818008,84.0566635131836,192.52154541015625,-0.38090071082115173,89.82374572753906,147.9010467529297,-0.838529109954834,
0,186.89602661132812,119.5583724975586,-0.20040902495384216,202.80255126953125,188.69517517089844,-0.17342497408390045,193.27842712402344,224.39044189453125,-0.41504335403442383,
1,103.99662017822266,122.73814392089844,-0.11961632966995239,84.42262268066406,192.0635528564453,-0.3350992798805237,86.59022521972656,164.8323516845703,-0.7973374128341675,
0,186.94891357421875,119.50841522216797,-0.29621976613998413,203.6288299560547,188.62229919433594,-0.534522533416748,192.61563110351562,184.16424560546875,-1.0264371633529663,
1,104.18421936035156,122.68751525878906,-0.13131341338157654,83.99026489257812,191.374755859375,-0.18252986669540405,65.6924057006836,205.19419860839844,-0.5300108194351196,
0,186.93356323242188,119.55290222167969,-0.3448643982410431,203.61663818359375,188.25238037109375,-0.5930216312408447,192.3802032470703,179.8743133544922,-1.1149613857269287,
1,104.15092468261719,122.6597900390625,-0.17449049651622772,82.40848541259766,191.67355346679688,-0.18655912578105927,46.631103515625,217.3907470703125,-0.5334334969520569,
0,186.92752075195312,119.54479217529297,-0.3447844386100769,203.62637329101562,187.99609375,-0.5876965522766113,192.4555206298828,179.33892822265625,-1.1059162616729736,
1,104.13182067871094,122.63056945800781,-0.16991302371025085,81.71349334716797,191.6509246826172,-0.14413419365882874,38.81694793701172,219.54171752929688,-0.47424617409706116,
0,186.8895263671875,119.77694702148438,-0.31959420442581177,205.20449829101562,187.36289978027344,-0.5368662476539612,192.29412841796875,173.68724060058594,-1.0543246269226074,
1,103.97483825683594,122.8257064819336,-0.11994139850139618,81.6595458984375,191.47714233398438,-0.06913480162620544,47.318603515625,223.42373657226562,-0.353635311126709,
0,185.911865234375,119.31228637695312,-0.22751709818840027,205.58804321289062,185.11351013183594,-0.48912134766578674,190.85360717773438,163.894287109375,-0.9828696250915527,
1,103.7693862915039,122.80978393554688,-0.046867646276950836,81.99988555908203,188.7768096923828,0.042253974825143814,66.02302551269531,223.7775115966797,-0.15512964129447937,
0,185.67510986328125,119.0886459350586,-0.21839165687561035,205.1815948486328,184.75486755371094,-0.494001567363739,190.00938415527344,168.0009002685547,-1.0167884826660156,
1,103.97695922851562,122.7995376586914,-0.073023222386837,82.3763656616211,186.5426025390625,-0.04373319819569588,84.2547607421875,219.9918975830078,-0.3005065321922302,
0,186.59262084960938,119.44548797607422,-0.1779610812664032,205.48873901367188,186.539306640625,-0.4644835591316223,190.13363647460938,156.921142578125,-0.9848328828811646,
1,104.10948944091797,123.01543426513672,-0.10588111728429794,83.80001068115234,186.60707092285156,-0.08967579901218414,96.3737564086914,220.4170379638672,-0.4033180773258209,
0,187.1619873046875,119.73333740234375,-0.1617557406425476,205.76219177246094,187.54454040527344,-0.46390780806541443,190.18035888671875,153.51797485351562,-0.9607857465744019,
1,104.20452117919922,123.12535095214844,-0.1041724681854248,84.35188293457031,186.67784118652344,-0.1007247120141983,97.49467468261719,219.56744384765625,-0.3953774869441986,
0,187.1497344970703,119.724365234375,-0.17634040117263794,205.87515258789062,187.46426391601562,-0.47652357816696167,189.40478515625,161.3430938720703,-1.0314444303512573,
1,104.46661376953125,122.84735107421875,-0.14230158925056458,84.30045318603516,184.85433959960938,-0.1924465000629425,95.95785522460938,215.88262939453125,-0.571302592754364,
0,186.8955841064453,119.7437744140625,-0.18956658244132996,203.288818359375,187.44180297851562,-0.4838145673274994,180.8042755126953,156.51324462890625,-0.992806077003479,
1,104.47528839111328,122.09605407714844,-0.0827961415052414,81.10147094726562,180.64060974121094,-0.17084012925624847,93.55915069580078,212.03565979003906,-0.5428852438926697,
0,187.02491760253906,119.89570617675781,-0.16514712572097778,202.57859802246094,185.23822021484375,-0.14035804569721222,187.66873168945312,206.98880004882812,-0.38838934898376465,
1,104.47708129882812,122.09271240234375,-0.14739295840263367,78.74321746826172,180.09835815429688,-0.2276618480682373,91.99064636230469,204.5197296142578,-0.5646340250968933,
0,187.1400146484375,119.98522186279297,-0.14556409418582916,202.25050354003906,184.1678466796875,-0.11093421280384064,190.08160400390625,210.20272827148438,-0.35782843828201294,
1,104.48153686523438,122.09259796142578,-0.15408487617969513,77.80191040039062,179.8888397216797,-0.22443583607673645,91.65454864501953,203.53062438964844,-0.5502701997756958,
0,187.10833740234375,119.75970458984375,-0.12193826586008072,202.603759765625,182.55355834960938,-0.07640477269887924,190.08880615234375,210.51905822753906,-0.2698630094528198,
1,104.516845703125,122.03608703613281,-0.12917155027389526,75.044921875,171.8103790283203,-0.21359428763389587,91.10541534423828,184.4647979736328,-0.5422405004501343,
0,186.79061889648438,118.19182586669922,-0.1417980194091797,202.64117431640625,181.7770233154297,-0.18703095614910126,191.655029296875,208.70921325683594,-0.43941646814346313,
1,104.62158966064453,120.55825805664062,-0.1067919135093689,63.185203552246094,168.86392211914062,-0.39263689517974854,74.99541473388672,126.45914459228516,-0.8780673146247864,
0,186.72523498535156,116.43018341064453,-0.150638610124588,202.4476318359375,181.65391540527344,-0.21557871997356415,183.999755859375,216.4115447998047,-0.4802113175392151,
1,105.57344055175781,119.1700439453125,-0.0788143053650856,61.394046783447266,160.15635681152344,-0.3889325261116028,72.07675170898438,106.73240661621094,-0.877613365650177,
0,186.71017456054688,116.50145721435547,-0.12618449330329895,202.13442993164062,181.40216064453125,-0.18410293757915497,183.6874237060547,210.77452087402344,-0.4426063895225525,
1,106.03308868408203,117.90235900878906,-0.023244740441441536,58.546302795410156,152.23471069335938,-0.32903987169265747,66.82691192626953,100.94554901123047,-0.7659111022949219,
0,186.70347595214844,116.48892211914062,-0.13530871272087097,201.94070434570312,181.3016357421875,-0.18884827196598053,183.30908203125,209.69459533691406,-0.46229881048202515,
1,106.09721374511719,117.1786880493164,-0.04500292241573334,58.258445739746094,151.93222045898438,-0.34935811161994934,65.47675323486328,102.74534606933594,-0.8128610849380493,
0,186.63876342773438,116.42597198486328,-0.1421833038330078,201.20623779296875,181.39642333984375,-0.20027141273021698,180.25076293945312,214.23617553710938,-0.43610629439353943,
1,106.08973693847656,117.23358154296875,-0.05218932032585144,56.205833435058594,152.7325439453125,-0.35976076126098633,64.67901611328125,96.01510620117188,-0.7915539145469666,
0,186.63099670410156,116.16056060791016,-0.14189310371875763,201.25564575195312,181.15138244628906,-0.20041973888874054,180.66488647460938,213.49278259277344,-0.4457395076751709,
1,106.28974151611328,117.30685424804688,-0.05428024381399155,56.37251281738281,149.76194763183594,-0.3833918273448944,65.01962280273438,89.55802917480469,-0.8116243481636047,
0,186.6521453857422,116.10384368896484,-0.13912038505077362,201.2950439453125,181.06007385253906,-0.1910344958305359,180.20858764648438,214.0780792236328,-0.4441426694393158,
1,106.69369506835938,117.13762664794922,-0.043715644627809525,57.515899658203125,151.6258087158203,-0.35550016164779663,64.79623413085938,95.32182312011719,-0.7924520969390869,
0,186.65260314941406,116.02613830566406,-0.13756394386291504,201.32444763183594,180.90655517578125,-0.18337666988372803,180.02159118652344,213.893310546875,-0.42875853180885315,
1,106.85537719726562,117.05115509033203,-0.04303310066461563,57.82145690917969,151.9967041015625,-0.34688156843185425,64.8045883178711,96.24849700927734,-0.7806825041770935,
0,186.73837280273438,116.0355453491211,-0.1081254705786705,201.4659423828125,180.86073303222656,-0.14543858170509338,182.2691650390625,213.32008361816406,-0.3933040201663971,
1,106.92546081542969,116.7481689453125,-0.012397765181958675,58.56349563598633,153.305908203125,-0.29453110694885254,64.94989013671875,97.67888641357422,-0.7423085570335388,
0,186.7139892578125,115.68952178955078,-0.1402479112148285,201.48919677734375,180.6831512451172,-0.1703328639268875,181.80906677246094,213.14048767089844,-0.4009440541267395,
1,107.49822998046875,116.75227355957031,-0.047820065170526505,59.97399139404297,158.33619689941406,-0.3169514536857605,63.88865661621094,103.18550872802734,-0.7835378646850586,
0,187.1505889892578,115.70976257324219,-0.12488885223865509,201.66180419921875,180.85916137695312,-0.15123137831687927,180.6851806640625,213.23361206054688,-0.39415955543518066,
1,108.71255493164062,116.8003158569336,-0.016125451773405075,66.98754119873047,165.4228973388672,-0.2562989592552185,63.30343246459961,104.64514923095703,-0.7383567690849304,
0,187.40721130371094,115.72604370117188,-0.1214020848274231,201.93006896972656,180.93240356445312,-0.1472768485546112,180.1658935546875,213.33474731445312,-0.40049615502357483,
1,109.30057525634766,116.89555358886719,-0.015887541696429253,69.07447052001953,167.92918395996094,-0.2573249936103821,63.12456512451172,105.56407165527344,-0.7392361164093018,
0,187.44430541992188,115.74451446533203,-0.14619222283363342,201.96218872070312,180.94801330566406,-0.1568133682012558,180.67062377929688,213.16905212402344,-0.41512125730514526,
1,109.23267364501953,117.37281799316406,-0.03385426849126816,74.14457702636719,175.80442810058594,-0.2690240144729614,62.245296478271484,121.36346435546875,-0.8339519500732422,
0,187.572509765625,115.75813293457031,-0.14642104506492615,201.97268676757812,180.96188354492188,-0.14089933037757874,180.8024444580078,213.34983825683594,-0.37682029604911804,
1,109.34980773925781,117.92488098144531,-0.034847620874643326,80.95100402832031,179.3940887451172,-0.2575324475765228,62.97750473022461,135.46121215820312,-0.8004741668701172,
0,187.44989013671875,115.91614532470703,-0.1392277479171753,201.87359619140625,180.94529724121094,-0.11489790678024292,179.95826721191406,213.18443298339844,-0.3353700041770935,
1,109.37885284423828,118.13539123535156,-0.04169579595327377,82.82478332519531,179.9666748046875,-0.2653352618217468,75.44310760498047,147.11065673828125,-0.7984369993209839,
0,187.38906860351562,116.0457534790039,-0.13032785058021545,201.85614013671875,180.8991241455078,-0.10626466572284698,179.83787536621094,213.04615783691406,-0.33122557401657104,
1,109.38677978515625,118.283203125,-0.041941504925489426,83.25735473632812,180.08200073242188,-0.2632268965244293,78.1336898803711,148.92161560058594,-0.7797163724899292,
0,187.43722534179688,116.55817413330078,-0.20046114921569824,202.1925506591797,180.9046630859375,-0.14563411474227905,179.45892333984375,213.65496826171875,-0.3580274283885956,
1,109.01249694824219,119.24148559570312,-0.14464445412158966,81.45706939697266,182.6571502685547,-0.19035939872264862,86.16804504394531,219.06434631347656,-0.4932979643344879,
0,187.4226531982422,117.37747192382812,-0.1838410645723343,202.4638214111328,180.90487670898438,-0.1468997448682785,179.46286010742188,212.28585815429688,-0.36664801836013794,
1,108.78426361083984,120.33086395263672,-0.11113915592432022,82.09805297851562,184.2241973876953,-0.10948028415441513,90.44792175292969,220.44117736816406,-0.39097684621810913,
0,187.29559326171875,117.8379898071289,-0.17641684412956238,202.47509765625,181.51437377929688,-0.14790092408657074,181.72970581054688,190.23291015625,-0.38263803720474243,
1,108.72333526611328,121.63292694091797,-0.1297975480556488,88.564208984375,190.15098571777344,-0.16830334067344666,101.04299926757812,214.6226806640625,-0.4748038649559021,
0,187.0732879638672,118.01318359375,-0.17103183269500732,202.49981689453125,181.65296936035156,-0.1482774168252945,182.92745971679688,188.1264190673828,-0.383975625038147,
1,108.67217254638672,122.24945068359375,-0.1491229236125946,89.88717651367188,191.21376037597656,-0.18477120995521545,101.89675903320312,212.2720489501953,-0.4797287881374359,
0,187.03128051757812,118.21009826660156,-0.14786820113658905,202.6207275390625,182.4491424560547,-0.257315993309021,186.37088012695312,181.75460815429688,-0.6413164138793945,
1,108.65242767333984,122.16401672363281,-0.13628874719142914,88.96808624267578,188.4692840576172,-0.1441720575094223,105.1632080078125,216.16299438476562,-0.4233129024505615,
0,186.93487548828125,118.38577270507812,-0.14075979590415955,205.4364776611328,183.06382751464844,-0.357465922832489,188.518310546875,173.5631103515625,-0.8612290620803833,
1,108.66041564941406,122.13429260253906,-0.12325714528560638,88.11908721923828,187.1943359375,-0.1583622246980667,108.13609313964844,212.65542602539062,-0.4689636826515198,
0,186.93310546875,118.88154602050781,-0.19564512372016907,205.846435546875,185.42379760742188,-0.4537692964076996,185.7961883544922,160.97607421875,-0.8950794339179993,
1,108.47981262207031,122.08650207519531,-0.1264197677373886,87.94876098632812,186.5054168701172,-0.20582762360572815,106.39006042480469,202.57498168945312,-0.48331865668296814,
0,186.92857360839844,119.2031021118164,-0.2075224667787552,206.0729217529297,186.40664672851562,-0.4589965343475342,184.34765625,159.651123046875,-0.8971267938613892,
1,108.32742309570312,122.04208374023438,-0.12937143445014954,87.83134460449219,186.06744384765625,-0.21592669188976288,105.68195343017578,199.31369018554688,-0.5070375800132751,
0,186.8833770751953,119.88106536865234,-0.21315720677375793,205.6898193359375,188.28660583496094,-0.45016345381736755,185.32554626464844,168.7544708251953,-0.9132540822029114,
1,108.16104125976562,121.8507080078125,-0.15660077333450317,87.59248352050781,186.08421325683594,-0.3461177945137024,104.87916564941406,184.51742553710938,-0.795527458190918,
0,186.93971252441406,119.85823059082031,-0.20374786853790283,202.68563842773438,188.36839294433594,-0.4282228350639343,181.52037048339844,170.5015106201172,-0.8357027173042297,
1,108.33309936523438,121.01103210449219,-0.14941032230854034,87.34236145019531,185.58245849609375,-0.348419189453125,103.35824584960938,163.63858032226562,-0.7800832390785217,
0,187.03628540039062,119.79430389404297,-0.13850046694278717,202.0401611328125,187.7898712158203,-0.15642216801643372,187.73667907714844,202.5291748046875,-0.41192537546157837,
1,108.35160827636719,121.0016860961914,-0.11791463196277618,85.39564514160156,185.4700927734375,-0.324490487575531,99.82743835449219,155.62327575683594,-0.7507827877998352,
0,187.12843322753906,119.74211883544922,-0.12396715581417084,201.76817321777344,187.5838165283203,-0.13643524050712585,189.97938537597656,207.65150451660156,-0.397418737411499,
1,108.3797836303711,120.98904418945312,-0.10433250665664673,84.25190734863281,185.4397735595703,-0.31804534792900085,97.51692199707031,156.72911071777344,-0.7493518590927124,
0,187.16619873046875,119.62767791748047,-0.13475856184959412,201.64410400390625,187.38710021972656,-0.1527225822210312,189.5851287841797,216.91465759277344,-0.4279448390007019,
1,108.31315612792969,121.39655303955078,-0.10921859741210938,84.48703002929688,185.2760009765625,-0.3417099118232727,97.30485534667969,163.49021911621094,-0.8160710334777832,
0,187.05987548828125,120.84954071044922,-0.12871399521827698,199.27178955078125,190.16734313964844,-0.19782057404518127,187.87493896484375,207.6552734375,-0.5063404440879822,
1,104.36349487304688,121.88042449951172,-0.1158444881439209,88.53079223632812,190.9031524658203,-0.39113035798072815,103.29560852050781,158.4878387451172,-0.8137756586074829,
0,186.58331298828125,120.35585021972656,-0.11825263500213623,198.92459106445312,189.78868103027344,-0.21011395752429962,184.1099853515625,199.1638946533203,-0.5316444635391235,
1,102.26463317871094,122.01311492919922,-0.11275655031204224,88.14276885986328,191.3244171142578,-0.3925616443157196,100.97289276123047,156.9788360595703,-0.8297327160835266,
0,186.10186767578125,119.65409088134766,-0.11300218105316162,198.83038330078125,189.6263427734375,-0.1844288855791092,182.9358673095703,198.36178588867188,-0.4937366545200348,
1,100.93108367919922,122.30191040039062,-0.11152269691228867,87.93853759765625,191.6728515625,-0.36971646547317505,97.49072265625,160.12039184570312,-0.8090783357620239,
0,185.69439697265625,119.46465301513672,-0.13822399079799652,197.95565795898438,188.46067810058594,-0.2918322682380676,180.9374237060547,181.75148010253906,-0.6477307677268982,
1,101.48605346679688,122.19916534423828,-0.11196360737085342,87.81661987304688,189.40643310546875,-0.39975541830062866,95.42144012451172,153.6383819580078,-0.8661679029464722,
0,184.75442504882812,119.41786193847656,-0.13538648188114166,197.99038696289062,187.59300231933594,-0.2674793303012848,181.17645263671875,182.2089385986328,-0.6150147318840027,
1,101.61727142333984,122.14629364013672,-0.10867830365896225,89.05683898925781,189.7371063232422,-0.3535088300704956,98.0355224609375,165.47500610351562,-0.7816442847251892,
0,184.04898071289062,119.406005859375,-0.16151994466781616,199.07546997070312,188.3377685546875,-0.40424537658691406,180.43740844726562,181.0113067626953,-0.8785268664360046,
1,101.58888244628906,122.13679504394531,-0.09527552127838135,88.28118133544922,189.75941467285156,-0.2684670090675354,99.95773315429688,193.81324768066406,-0.7007530927658081,
0,183.90963745117188,119.43501281738281,-0.1665557622909546,199.6601104736328,188.90419006347656,-0.4055027961730957,180.19198608398438,180.49752807617188,-0.8750708699226379,
1,101.70106506347656,122.05485534667969,-0.08468156307935715,87.51856994628906,189.8566436767578,-0.24158647656440735,100.48091125488281,199.43783569335938,-0.6771032214164734,
0,182.10330200195312,119.01969146728516,-0.14376619458198547,199.66712951660156,188.2125701904297,-0.36271995306015015,179.28671264648438,175.677490234375,-0.7894448041915894,
1,101.0097427368164,122.04973602294922,-0.07180030643939972,87.48551177978516,190.22149658203125,-0.25579744577407837,106.85151672363281,191.29705810546875,-0.6795922517776489,
0,181.12669372558594,118.70854949951172,-0.14617513120174408,199.67056274414062,186.435791015625,-0.3234693706035614,178.2461700439453,175.26551818847656,-0.638462245464325,
1,100.7236328125,121.88422393798828,-0.08736812323331833,85.85427856445312,189.38375854492188,-0.18221333622932434,106.5816879272461,197.79954528808594,-0.43552345037460327,
0,180.10556030273438,117.0396499633789,-0.1284063756465912,199.54888916015625,183.8923797607422,-0.27004680037498474,178.03030395507812,174.53111267089844,-0.5996299982070923,
1,100.31886291503906,119.6693344116211,-0.06069307401776314,80.496337890625,184.38232421875,-0.12146226316690445,98.98127746582031,195.7621307373047,-0.41524171829223633,
0,179.48548889160156,117.0814437866211,-0.1754373162984848,199.60061645507812,179.82725524902344,-0.3375853896141052,185.94329833984375,176.91497802734375,-0.7156444787979126,
1,98.89080047607422,119.25358581542969,-0.1145067811012268,69.75752258300781,174.82640075683594,-0.25111764669418335,88.87214660644531,192.14730834960938,-0.6477434039115906,
0,179.38320922851562,117.50492095947266,-0.20532190799713135,199.75669860839844,179.80747985839844,-0.36149922013282776,187.9913330078125,182.5329132080078,-0.7393435835838318,
1,97.88565063476562,119.30160522460938,-0.14768460392951965,67.59143829345703,174.929443359375,-0.25735002756118774,88.0378646850586,190.80467224121094,-0.6245046854019165,
0,178.73365783691406,117.60899353027344,-0.15805236995220184,201.60202026367188,180.31031799316406,-0.35886311531066895,188.68211364746094,176.32534790039062,-0.8063093423843384,
1,97.16490173339844,119.33301544189453,-0.12055329233407974,58.73089599609375,175.03672790527344,-0.29870522022247314,82.24163055419922,179.94874572753906,-0.7569181323051453,
0,162.19747924804688,117.55363464355469,-0.18299485743045807,186.74758911132812,176.07579040527344,-0.3010888695716858,165.11329650878906,165.29637145996094,-0.436981737613678,
1,97.06573486328125,119.07098388671875,-0.240360826253891,101.7599868774414,171.49107360839844,-0.29070964455604553,107.01504516601562,177.63839721679688,-0.3436961770057678,
0,166.21463012695312,117.56703186035156,-0.12337994575500488,188.28250122070312,177.07772827148438,-0.2340637743473053,220.947021484375,166.24899291992188,-0.5567870140075684,
1,94.93030548095703,118.78385925292969,-0.14054563641548157,92.94252014160156,175.6179656982422,-0.09628217667341232,57.943416595458984,190.91676330566406,-0.2713523507118225,
0,166.60525512695312,117.35230255126953,-0.04486674815416336,190.68087768554688,177.6659698486328,-0.1541828215122223,234.85191345214844,164.1608123779297,-0.5012640953063965,
1,93.67229461669922,118.62548065185547,-0.10299557447433472,88.91986846923828,180.6083984375,-0.10364236682653427,75.53307342529297,195.1641387939453,-0.27024194598197937,
0,165.4983367919922,117.14523315429688,-0.08135493099689484,191.7219696044922,177.78298950195312,-0.19612550735473633,228.71400451660156,165.924072265625,-0.5013352632522583,
1,93.21855163574219,118.64629364013672,-0.10510101169347763,86.89389038085938,182.62646484375,-0.11870960891246796,85.94224548339844,193.8845672607422,-0.242914080619812,
0,165.98184204101562,116.4481430053711,-0.004485792480409145,189.70486450195312,178.0437774658203,-0.1440771073102951,228.48097229003906,166.9039764404297,-0.5330784916877747,
1,90.68421936035156,118.35332489013672,0.03451713174581528,80.51042175292969,183.3600311279297,-0.03921404853463173,47.48127365112305,193.28359985351562,-0.3667171597480774,
0,164.88807678222656,115.58904266357422,-0.02146894484758377,187.30609130859375,178.07351684570312,-0.1404421329498291,228.60455322265625,167.27322387695312,-0.556011974811554,
1,87.709716796875,117.26993560791016,0.022507723420858383,73.84784698486328,183.2926788330078,-0.004531615413725376,34.063087463378906,192.22586059570312,-0.3228580355644226,
0,164.1151123046875,115.60074615478516,-0.04449823871254921,185.84463500976562,178.101806640625,-0.14946626126766205,226.47174072265625,168.35525512695312,-0.5666650533676147,
1,84.87432861328125,116.84461212158203,-0.019463729113340378,73.4202651977539,184.6494140625,-0.054594557732343674,39.610023498535156,192.7478790283203,-0.3704209625720978,
