0,196.75656127929688,139.25999450683594,-0.11017169058322906,217.2174072265625,205.10940551757812,-0.27526721358299255,185.6611328125,229.2379150390625,-0.6332444548606873,
1,115.25874328613281,140.96612548828125,0.027671614661812782,57.020660400390625,173.73757934570312,-0.3465234637260437,69.67628479003906,112.70088958740234,-0.7825554609298706,
0,196.1632080078125,138.87078857421875,-0.1274561882019043,216.80087280273438,205.18902587890625,-0.2888326942920685,185.1912078857422,231.57347106933594,-0.6503325700759888,
1,113.9773178100586,140.6163787841797,0.01004787441343069,57.11652755737305,174.0671844482422,-0.38032266497612,71.68215942382812,114.82182312011719,-0.8312199711799622,
0,196.41030883789062,138.8894500732422,-0.12224149703979492,216.42105102539062,205.49606323242188,-0.2950441837310791,186.10511779785156,231.48593139648438,-0.6336332559585571,
1,113.70063018798828,140.40628051757812,0.016968291252851486,56.35746765136719,170.42335510253906,-0.3776159882545471,75.00188446044922,105.84355163574219,-0.7884787321090698,
0,196.42755126953125,138.91163635253906,-0.13491930067539215,215.5030975341797,206.2172393798828,-0.30938467383384705,184.73512268066406,231.38504028320312,-0.6648430824279785,
1,113.52936553955078,139.63084411621094,0.01127692125737667,58.06939697265625,172.88839721679688,-0.3439179062843323,72.89614868164062,112.1578369140625,-0.7900559902191162,
0,196.58346557617188,139.51077270507812,-0.13888287544250488,214.18310546875,207.6857147216797,-0.30940666794776917,187.1751708984375,230.3930206298828,-0.6981629729270935,
1,113.79055786132812,139.4595184326172,0.006518831010907888,65.60376739501953,181.87405395507812,-0.3125222623348236,70.65272521972656,121.16442108154297,-0.7940471172332764,
0,196.69923400878906,139.86831665039062,-0.14054657518863678,213.7471160888672,208.2609100341797,-0.30010494589805603,188.5150909423828,229.56280517578125,-0.6978830099105835,
1,113.89924621582031,139.349365234375,0.010090344585478306,68.97998046875,185.35411071777344,-0.27362069487571716,69.59907531738281,125.0040283203125,-0.7799065113067627,
0,196.7909393310547,140.25460815429688,-0.1586078703403473,213.04415893554688,208.71783447265625,-0.3110073208808899,188.5985565185547,222.94418334960938,-0.6965056657791138,
1,114.04666900634766,139.77088928222656,0.00912403129041195,83.42758178710938,201.60508728027344,-0.22820702195167542,68.97755432128906,142.82322692871094,-0.7665949463844299,
0,196.8291015625,140.80465698242188,-0.1917313039302826,212.328125,208.85147094726562,-0.3990360498428345,190.3304901123047,211.93582153320312,-0.8652548789978027,
1,114.16749572753906,140.2762451171875,-0.08851449191570282,95.44317626953125,207.7432098388672,-0.2968956530094147,83.18826293945312,165.12820434570312,-0.7991809248924255,
0,197.04710388183594,140.9859619140625,-0.19608570635318756,211.96163940429688,208.8496551513672,-0.392789751291275,190.8466339111328,212.82479858398438,-0.8560369610786438,
1,114.48200988769531,140.2838134765625,-0.13385459780693054,94.10078430175781,206.8181915283203,-0.3852289617061615,103.01087951660156,185.9628448486328,-0.9086616635322571,
0,196.98965454101562,141.10438537597656,-0.27090853452682495,211.5894775390625,206.13235473632812,-0.40338024497032166,192.62567138671875,209.6741485595703,-0.8516109585762024,
1,114.52682495117188,140.4346923828125,-0.18120364844799042,93.05390930175781,204.6289825439453,-0.22257348895072937,88.96221923828125,220.39503479003906,-0.5938783288002014,
0,197.01388549804688,141.08114624023438,-0.2683923840522766,212.70474243164062,207.29074096679688,-0.443962424993515,193.73388671875,196.6974639892578,-0.9565156698226929,
1,114.5916748046875,140.4608612060547,-0.13483577966690063,94.75640869140625,208.05642700195312,-0.2979367673397064,108.02392578125,205.55276489257812,-0.7674907445907593,
0,197.02993774414062,141.0786590576172,-0.24303686618804932,213.64520263671875,207.72889709472656,-0.45510292053222656,193.92239379882812,193.97886657714844,-0.9697322845458984,
1,114.65335083007812,140.5178680419922,-0.1356954276561737,95.20699310302734,208.5105743408203,-0.3215996026992798,110.62203979492188,204.8654327392578,-0.8005810976028442,
0,196.73764038085938,141.1421661376953,-0.22882775962352753,214.7535400390625,207.24635314941406,-0.4778560698032379,194.81277465820312,193.541015625,-1.049285650253296,
1,114.25523376464844,140.5194854736328,-0.14533495903015137,93.62617492675781,208.3159637451172,-0.34396374225616455,114.0174789428711,205.591796875,-0.8694325685501099,
0,195.99363708496094,141.14837646484375,-0.22584287822246552,215.16990661621094,207.72445678710938,-0.4784182012081146,190.34292602539062,178.51622009277344,-0.9978731274604797,
1,113.90702819824219,140.2321319580078,-0.12922970950603485,92.16670989990234,207.0214385986328,-0.33765992522239685,109.42033386230469,195.74740600585938,-0.8532301783561707,
0,194.480224609375,141.07054138183594,-0.17865191400051117,214.0882110595703,207.90138244628906,-0.45688700675964355,192.43609619140625,172.39541625976562,-0.9983454942703247,
1,112.95648193359375,139.28427124023438,-0.16236768662929535,91.92709350585938,206.38137817382812,-0.42975082993507385,107.69186401367188,184.9449920654297,-0.9514591097831726,
0,193.82913208007812,140.98532104492188,-0.1554000824689865,213.67611694335938,208.17295837402344,-0.44749775528907776,192.476806640625,170.6129150390625,-0.988991379737854,
1,112.6095199584961,138.786376953125,-0.15289877355098724,91.62522888183594,205.7036895751953,-0.41826051473617554,108.24406433105469,179.77523803710938,-0.9323848485946655,
0,193.98342895507812,140.87791442871094,-0.2047611027956009,213.544677734375,205.6930694580078,-0.46244731545448303,199.5347900390625,203.91522216796875,-1.0072922706604004,
1,111.91465759277344,139.4935760498047,-0.17437443137168884,72.75863647460938,198.32138061523438,-0.4856739640235901,97.78605651855469,166.7281036376953,-1.0699304342269897,
0,193.07696533203125,139.371337890625,-0.17955085635185242,212.6917266845703,201.3475799560547,-0.30563873052597046,196.88485717773438,219.1962127685547,-0.6850482821464539,
1,110.61557006835938,134.37356567382812,-0.14924639463424683,68.01146697998047,189.05902099609375,-0.4491230845451355,93.91358947753906,141.5907440185547,-0.9641157388687134,
0,191.123779296875,138.33462524414062,-0.16613593697547913,210.55982971191406,202.03353881835938,-0.2962886691093445,189.75582885742188,224.2284393310547,-0.6463084816932678,
1,109.49372863769531,134.30209350585938,-0.11090511083602905,64.68109893798828,185.1210479736328,-0.4749148488044739,91.99284362792969,128.01290893554688,-0.9553106427192688,
0,190.76904296875,138.20960998535156,-0.14295925199985504,209.6751251220703,202.46932983398438,-0.2940331697463989,187.2995147705078,225.32179260253906,-0.6627705693244934,
1,108.93970489501953,134.60415649414062,-0.0689697191119194,63.54308319091797,185.262451171875,-0.4487009644508362,90.60562896728516,128.0337677001953,-0.9364266395568848,
0,190.11288452148438,137.61485290527344,-0.1514383852481842,207.54910278320312,202.6558837890625,-0.32065460085868835,186.67807006835938,224.4383087158203,-0.7214112281799316,
1,108.06625366210938,134.7447967529297,-0.08613833785057068,64.37298583984375,187.0449676513672,-0.45010408759117126,85.02694702148438,127.36327362060547,-0.9427900314331055,
0,189.40524291992188,137.2985382080078,-0.19786156713962555,206.77365112304688,202.92466735839844,-0.31631895899772644,188.56243896484375,225.2913360595703,-0.7073270082473755,
1,106.66287231445312,134.93797302246094,-0.14932438731193542,65.26654052734375,187.50001525878906,-0.4847426414489746,74.7840347290039,130.6704864501953,-1.035829782485962,
0,189.14349365234375,137.34588623046875,-0.23482179641723633,204.19735717773438,203.4623260498047,-0.4056893289089203,188.6917724609375,222.02565002441406,-0.8933038711547852,
1,105.452880859375,135.2117919921875,-0.15519386529922485,70.82493591308594,198.62234497070312,-0.4658489227294922,70.83242797851562,137.12814331054688,-1.0696332454681396,
0,188.23480224609375,137.80862426757812,-0.31529781222343445,202.56777954101562,204.6360321044922,-0.6097769737243652,185.95765686035156,206.83535766601562,-1.190321683883667,
1,103.39364624023438,136.34242248535156,-0.20760366320610046,78.52532958984375,205.2517852783203,-0.5101234912872314,68.55567932128906,153.34507751464844,-1.109002709388733,
0,187.90219116210938,138.0095672607422,-0.30255040526390076,202.227294921875,205.89456176757812,-0.586880087852478,186.05642700195312,202.85447692871094,-1.1635551452636719,
1,103.03047943115234,137.1923828125,-0.19324949383735657,82.94384002685547,208.16433715820312,-0.48633790016174316,68.22720336914062,160.63174438476562,-1.0586023330688477,
0,187.74859619140625,138.07872009277344,-0.29114729166030884,202.379638671875,207.3980712890625,-0.5288199186325073,186.28668212890625,201.02008056640625,-1.0193231105804443,
1,103.36785888671875,137.5947723388672,-0.1802930384874344,86.06246185302734,208.05136108398438,-0.43923744559288025,81.3743667602539,171.6712646484375,-0.9961055517196655,
0,187.12144470214844,138.08554077148438,-0.14489591121673584,202.58578491210938,207.62347412109375,-0.42999380826950073,179.1169891357422,171.763671875,-0.9935914874076843,
1,103.24339294433594,137.80543518066406,-0.09348557889461517,84.548095703125,207.68565368652344,-0.20320172607898712,114.01556396484375,210.95358276367188,-0.6002237796783447,
0,185.04367065429688,137.9613037109375,-0.12929503619670868,202.90570068359375,207.82107543945312,-0.42531028389930725,169.90713500976562,155.6656494140625,-0.9607736468315125,
1,102.44170379638672,137.7243194580078,-0.03530091792345047,79.83556365966797,206.56777954101562,-0.12115170806646347,111.5936279296875,217.2523651123047,-0.4861474931240082,
0,184.6724090576172,137.95571899414062,-0.13287948071956635,203.3577117919922,209.7289276123047,-0.48216134309768677,172.83694458007812,169.93084716796875,-1.0530123710632324,
1,101.13990783691406,138.09820556640625,-0.14751450717449188,78.8945541381836,209.28944396972656,-0.32888028025627136,106.28254699707031,204.73452758789062,-0.7874817848205566,
0,184.83004760742188,137.96229553222656,-0.15634235739707947,203.66700744628906,210.47171020507812,-0.47788572311401367,174.3006591796875,171.97555541992188,-1.0328761339187622,
1,101.01493072509766,138.3401641845703,-0.1580447405576706,78.0519790649414,209.76805114746094,-0.3369007706642151,108.82254028320312,203.951904296875,-0.8007155656814575,
0,185.04241943359375,138.1294708251953,-0.22875575721263885,202.59866333007812,210.38137817382812,-0.4715217649936676,176.9361114501953,189.56369018554688,-1.0063847303390503,
1,101.08741760253906,138.3272247314453,-0.21917787194252014,74.17243194580078,209.41212463378906,-0.4979305863380432,100.55584716796875,191.02597045898438,-1.102042317390442,
0,185.17721557617188,137.99757385253906,-0.22933563590049744,201.35414123535156,210.05706787109375,-0.24863608181476593,172.75469970703125,232.47909545898438,-0.551964521408081,
1,100.1224365234375,138.2166748046875,-0.24017353355884552,72.82589721679688,209.72760009765625,-0.5019626021385193,100.5173568725586,176.7560577392578,-1.0164697170257568,
0,185.27935791015625,138.0653533935547,-0.226521298289299,200.88697814941406,210.37831115722656,-0.23730456829071045,175.46963500976562,223.6253204345703,-0.5438929796218872,
1,99.25288391113281,138.18490600585938,-0.2424997091293335,72.08190155029297,209.72792053222656,-0.5063372850418091,104.0574951171875,165.8586883544922,-1.0057010650634766,
0,185.3534698486328,138.0714111328125,-0.22977463901042938,200.58084106445312,210.39553833007812,-0.23888298869132996,179.261962890625,223.67430114746094,-0.5475366115570068,
1,99.23318481445312,137.968017578125,-0.2553696632385254,71.0304183959961,209.58370971679688,-0.5113794803619385,105.52751159667969,163.0229949951172,-1.0031185150146484,
0,185.1216278076172,138.03614807128906,-0.2032044380903244,200.7905731201172,208.4335479736328,-0.1803140789270401,184.4521942138672,225.91651916503906,-0.45459142327308655,
1,99.3294677734375,138.0187530517578,-0.24212495982646942,71.20335388183594,209.42857360839844,-0.5014026761054993,105.01324462890625,164.45834350585938,-0.9411566853523254,
0,185.03079223632812,137.79202270507812,-0.22093823552131653,201.32281494140625,206.2847137451172,-0.25726091861724854,194.68310546875,220.8529052734375,-0.6182819604873657,
1,99.44265747070312,137.9606475830078,-0.2507721185684204,69.8132553100586,207.1710205078125,-0.5347949266433716,96.38963317871094,165.85775756835938,-1.092980146408081,
0,184.22274780273438,137.3340606689453,-0.24756915867328644,202.26303100585938,203.4141082763672,-0.4585506319999695,199.84591674804688,219.53761291503906,-1.0261262655258179,
1,99.49285888671875,137.98460388183594,-0.23611530661582947,67.78478240966797,197.9862823486328,-0.3925766348838806,48.8676872253418,210.72314453125,-0.8943540453910828,
0,183.9785919189453,137.0872039794922,-0.2556610703468323,203.1173095703125,202.70445251464844,-0.47055283188819885,201.31640625,217.74658203125,-1.037800908088684,
1,99.52652740478516,138.0465545654297,-0.23006543517112732,66.1216812133789,196.149658203125,-0.4027165472507477,46.20426559448242,210.05104064941406,-0.9092994928359985,
0,184.07321166992188,137.41502380371094,-0.285153329372406,208.80775451660156,202.6278533935547,-0.5939990878105164,198.17572021484375,197.64437866210938,-1.2142812013626099,
1,98.06112670898438,138.24005126953125,-0.24287883937358856,64.74150848388672,193.6420135498047,-0.49658340215682983,54.965965270996094,200.31744384765625,-1.0856980085372925,
0,183.81533813476562,137.16896057128906,-0.21814176440238953,208.30685424804688,202.7567901611328,-0.4908689558506012,208.4600067138672,196.97637939453125,-1.0895986557006836,
1,97.83544921875,138.27215576171875,-0.1569657027721405,67.68634033203125,195.39407348632812,-0.3599611818790436,54.33467102050781,197.4793243408203,-0.9471169710159302,
0,183.20849609375,137.16949462890625,-0.12110275030136108,205.87484741210938,204.19155883789062,-0.32346975803375244,227.188232421875,185.68113708496094,-0.851812481880188,
1,97.91192626953125,137.89373779296875,-0.04189492017030716,72.14483642578125,196.095458984375,-0.20551398396492004,44.917694091796875,177.51220703125,-0.7073671221733093,
0,182.85525512695312,137.1511688232422,-0.12296472489833832,203.85092163085938,205.04116821289062,-0.3199119567871094,228.9345703125,184.199951171875,-0.8413949012756348,
1,97.96809387207031,137.6470947265625,-0.03789990767836571,73.83183288574219,196.63864135742188,-0.19950205087661743,43.044044494628906,173.39320373535156,-0.7044480443000793,
0,182.18484497070312,137.1026611328125,-0.15205465257167816,197.22030639648438,206.15420532226562,-0.344617635011673,222.64407348632812,186.46646118164062,-0.857397735118866,
1,98.0478515625,137.913330078125,-0.07469233125448227,79.01927947998047,201.91603088378906,-0.2215944230556488,45.61729049682617,174.91464233398438,-0.7148517370223999,
0,181.7076416015625,137.1908416748047,-0.266369104385376,192.36880493164062,207.54710388183594,-0.4750945568084717,217.9169921875,189.2349090576172,-1.0060726404190063,
1,98.11192321777344,138.1826934814453,-0.0780646800994873,78.61465454101562,202.558837890625,-0.2289658784866333,44.7093505859375,178.44656372070312,-0.7100858092308044,
0,181.6676025390625,137.2078399658203,-0.28530028462409973,189.95068359375,208.2808380126953,-0.5093995928764343,216.94476318359375,193.9035186767578,-1.0745879411697388,
1,98.16786193847656,138.24758911132812,-0.12779395282268524,81.88119506835938,205.7858123779297,-0.2534365952014923,57.20341491699219,196.20639038085938,-0.7529290914535522,
0,181.57235717773438,137.22518920898438,-0.28554144501686096,188.8896484375,208.52760314941406,-0.5073530077934265,215.8299102783203,196.1831512451172,-1.0727698802947998,
1,98.21218872070312,138.2950897216797,-0.14177772402763367,82.80223083496094,206.1437225341797,-0.23600220680236816,58.47282028198242,200.40139770507812,-0.7203463912010193,
0,181.5843048095703,137.23133850097656,-0.28292912244796753,189.3879852294922,208.4993438720703,-0.5115839838981628,214.49197387695312,199.5553436279297,-1.0813963413238525,
1,98.25285339355469,138.21827697753906,-0.12792453169822693,83.59576416015625,205.99569702148438,-0.2359764277935028,61.84941864013672,198.3959197998047,-0.7523519396781921,
0,181.50042724609375,137.4767608642578,-0.21270938217639923,190.06146240234375,208.51629638671875,-0.4457155168056488,205.18572998046875,200.7564697265625,-1.0174437761306763,
1,97.90541076660156,138.5415496826172,-0.12847909331321716,82.7686767578125,207.47914123535156,-0.24574771523475647,78.42759704589844,200.82675170898438,-0.7632505893707275,
0,181.58914184570312,136.6902618408203,-0.20633891224861145,196.938232421875,201.03826904296875,-0.43228378891944885,197.41539001464844,203.26870727539062,-0.962973952293396,
1,97.90398406982422,138.53956604003906,-0.1442062258720398,80.19538879394531,205.7245635986328,-0.30032452940940857,79.46498107910156,203.8553009033203,-0.7784616351127625,
0,181.53347778320312,136.64744567871094,-0.20954887568950653,200.40582275390625,201.71255493164062,-0.44958487153053284,196.92320251464844,204.15609741210938,-1.0428285598754883,
1,97.48982238769531,138.4706573486328,-0.17987918853759766,75.39937591552734,205.10382080078125,-0.41263547539711,83.15326690673828,201.25973510742188,-0.9917427897453308,
0,181.47354125976562,136.5361328125,-0.20153534412384033,201.4325714111328,202.41831970214844,-0.4493912160396576,196.60888671875,204.60580444335938,-1.0327856540679932,
1,97.23385620117188,138.3396453857422,-0.1747785061597824,73.28640747070312,204.5169677734375,-0.41142693161964417,82.0578384399414,199.05020141601562,-0.9953502416610718,
0,181.20361328125,136.49859619140625,-0.20503289997577667,201.40292358398438,202.8406524658203,-0.43371886014938354,196.14443969726562,205.8428955078125,-0.9730280041694641,
1,95.68269348144531,138.321533203125,-0.19705717265605927,71.34466552734375,208.7744140625,-0.4282722473144531,87.23860168457031,197.97415161132812,-0.9629136919975281,
0,180.87567138671875,136.41412353515625,-0.20622196793556213,201.4329833984375,203.0696563720703,-0.4491191804409027,190.43429565429688,204.8737335205078,-1.0253238677978516,
1,95.05903625488281,138.25213623046875,-0.18782785534858704,70.0768051147461,208.71463012695312,-0.40423354506492615,89.1219482421875,205.26300048828125,-0.9254250526428223,
0,180.81982421875,136.41917419433594,-0.2053261548280716,201.273193359375,203.85336303710938,-0.43843570351600647,186.79617309570312,205.3195343017578,-0.9948970079421997,
1,95.02412414550781,138.2506103515625,-0.18597176671028137,69.54554748535156,208.587158203125,-0.3390725255012512,96.18644714355469,211.37319946289062,-0.8252816200256348,
0,180.81748962402344,136.42686462402344,-0.20199589431285858,201.0991668701172,204.66574096679688,-0.43457064032554626,186.30828857421875,205.56671142578125,-0.9858587980270386,
1,95.0167465209961,138.26319885253906,-0.17321042716503143,69.52088928222656,208.4139404296875,-0.315005362033844,98.33992004394531,213.08370971679688,-0.8024922609329224,
0,180.83560180664062,136.57052612304688,-0.2032032012939453,200.93881225585938,206.79983520507812,-0.448798269033432,188.41224670410156,204.044677734375,-1.0248576402664185,
1,94.88572692871094,138.50685119628906,-0.18548110127449036,69.61555480957031,208.27813720703125,-0.36975982785224915,98.03360748291016,210.20565795898438,-0.8827438354492188,
0,180.62498474121094,136.5460968017578,-0.25830861926078796,201.8451690673828,207.12350463867188,-0.4849632680416107,188.21047973632812,202.39244079589844,-1.057269811630249,
1,94.16297149658203,138.8140869140625,-0.24134106934070587,69.87403106689453,212.33175659179688,-0.4922514855861664,92.1683349609375,202.02236938476562,-1.0717202425003052,
0,180.628662109375,136.40145874023438,-0.2608051002025604,202.01170349121094,207.08184814453125,-0.5228599309921265,189.0628662109375,200.65103149414062,-1.141249656677246,
1,94.04931640625,138.8118438720703,-0.21010255813598633,70.03768920898438,211.6138153076172,-0.4581858217716217,82.7950210571289,192.43157958984375,-0.9942845106124878,
0,180.63172912597656,136.30532836914062,-0.26981332898139954,202.0807647705078,206.97723388671875,-0.543837308883667,189.59962463378906,199.9517822265625,-1.1761895418167114,
1,93.98238372802734,138.800537109375,-0.20058763027191162,70.15116119384766,211.13258361816406,-0.43687552213668823,78.64994812011719,192.985595703125,-0.9892972111701965,
0,180.72674560546875,136.25289916992188,-0.29975399374961853,202.0315399169922,207.77883911132812,-0.55865478515625,189.62142944335938,200.03652954101562,-1.1454178094863892,
1,94.01358032226562,138.78738403320312,-0.2408328801393509,69.50169372558594,211.7260284423828,-0.5032440423965454,80.90550231933594,179.85464477539062,-1.0984586477279663,
0,180.7343292236328,135.52999877929688,-0.29708296060562134,201.9774169921875,205.0944366455078,-0.5169624090194702,192.62022399902344,205.74781799316406,-0.9872022867202759,
1,95.02079010009766,138.7766876220703,-0.2504708468914032,69.49610137939453,211.4530029296875,-0.5130475759506226,83.82946014404297,173.5028533935547,-1.0795522928237915,
0,180.7400665283203,135.50013732910156,-0.2691633403301239,201.8478546142578,205.25401306152344,-0.514555811882019,191.77593994140625,207.41444396972656,-1.029679536819458,
1,95.53660583496094,138.9192657470703,-0.21317192912101746,70.482421875,211.23287963867188,-0.4852559566497803,85.10494232177734,175.97833251953125,-1.041194200515747,
0,180.72084045410156,135.50308227539062,-0.2704548239707947,201.80325317382812,206.45391845703125,-0.5285866856575012,185.01422119140625,202.0309600830078,-1.080833911895752,
1,95.72132110595703,139.340576171875,-0.211537167429924,70.8935317993164,211.347412109375,-0.46013426780700684,85.61277770996094,177.3970947265625,-1.0197908878326416,
0,180.71176147460938,135.50656127929688,-0.27437254786491394,201.77337646484375,207.31890869140625,-0.5367330312728882,182.97406005859375,199.6533660888672,-1.1004071235656738,
1,95.85153198242188,139.6406707763672,-0.21029749512672424,71.1795883178711,211.484375,-0.4526805281639099,85.9559555053711,177.67832946777344,-1.0160763263702393,
0,180.3679656982422,135.3141632080078,-0.22863474488258362,201.07843017578125,207.36749267578125,-0.5159748792648315,172.65301513671875,192.86428833007812,-1.0879915952682495,
1,95.874755859375,140.0610809326172,-0.10098101943731308,72.70867156982422,211.3956298828125,-0.3499816060066223,84.68710327148438,179.17286682128906,-0.976323127746582,
0,179.5476531982422,135.329345703125,-0.2299167811870575,199.4190673828125,207.6963653564453,-0.5142776370048523,164.14254760742188,185.97195434570312,-1.0838501453399658,
1,94.98833465576172,140.07058715820312,-0.12992598116397858,74.19363403320312,211.3427276611328,-0.3634476363658905,85.57266235351562,189.48951721191406,-0.9510598182678223,
0,178.61924743652344,135.11663818359375,-0.22829541563987732,197.03594970703125,207.4605712890625,-0.5154319405555725,167.23965454101562,186.9101104736328,-1.1102087497711182,
1,94.77503967285156,139.71713256835938,-0.14430928230285645,74.29753112792969,211.28062438964844,-0.37281855940818787,91.04607391357422,201.4541015625,-0.9536992311477661,
0,177.24655151367188,134.78173828125,-0.20665180683135986,195.63133239746094,205.60284423828125,-0.48714542388916016,163.92782592773438,183.37277221679688,-1.0330750942230225,
1,94.1829833984375,139.56117248535156,-0.11801737546920776,74.27140045166016,208.97364807128906,-0.2715257406234741,109.57054138183594,203.35897827148438,-0.7633239030838013,
0,176.5980224609375,134.17860412597656,-0.2059832364320755,195.28036499023438,204.56553649902344,-0.4819071292877197,163.4129638671875,182.22976684570312,-1.0199005603790283,
1,93.80758666992188,139.3893585205078,-0.114314004778862,74.22245025634766,208.02178955078125,-0.27233564853668213,112.18009948730469,204.34591674804688,-0.7720795273780823,
0,176.5460968017578,133.91184997558594,-0.1587422639131546,194.97817993164062,204.61341857910156,-0.4489831030368805,164.40478515625,172.52456665039062,-0.9755287170410156,
1,93.49801635742188,139.10154724121094,-0.07088863104581833,73.96067810058594,208.0249786376953,-0.18644924461841583,114.272705078125,210.409912109375,-0.5943470001220703,
0,175.76150512695312,133.82244873046875,-0.11924771219491959,193.54811096191406,201.98355102539062,-0.44562917947769165,164.13607788085938,163.53793334960938,-0.9753583669662476,
1,93.18317413330078,138.23353576660156,0.017115864902734756,73.43984985351562,204.32623291015625,-0.10690784454345703,110.23300170898438,212.6118621826172,-0.5272113084793091,
0,175.83010864257812,133.57107543945312,-0.13732805848121643,193.4290313720703,202.25811767578125,-0.45008569955825806,163.88836669921875,155.81617736816406,-0.9990900158882141,
1,93.20516967773438,138.29214477539062,-0.04163872078061104,74.15914916992188,207.57763671875,-0.16139313578605652,103.29360961914062,210.36134338378906,-0.6669018864631653,
0,175.91651916503906,133.50372314453125,-0.14102019369602203,193.5303955078125,202.33497619628906,-0.45496201515197754,164.19772338867188,154.9454345703125,-1.001927137374878,
1,93.22320556640625,138.33242797851562,-0.060980379581451416,74.50174713134766,209.1638641357422,-0.24056120216846466,99.97331237792969,209.0015106201172,-0.7728676199913025,
0,176.40911865234375,132.6942596435547,-0.17372079193592072,194.3079833984375,202.8081512451172,-0.4952346682548523,167.49752807617188,162.1301727294922,-1.097025752067566,
1,93.13389587402344,138.31039428710938,-0.14083059132099152,71.33473205566406,209.8157958984375,-0.3940560221672058,90.28291320800781,193.7304229736328,-0.9815662503242493,
0,179.67742919921875,132.4013671875,-0.282733291387558,194.83953857421875,205.01300048828125,-0.5895479321479797,189.45297241210938,181.50942993164062,-1.2759677171707153,
1,93.30577850341797,138.29541015625,-0.21262113749980927,70.73217010498047,207.1555938720703,-0.41702476143836975,72.1435317993164,190.47817993164062,-1.0438283681869507,
0,181.19239807128906,128.25946044921875,-0.27435457706451416,195.3992919921875,205.01712036132812,-0.5714011788368225,189.1327667236328,171.01588439941406,-1.2031371593475342,
1,94.95500183105469,137.2687225341797,-0.2042268067598343,70.62218475341797,205.02505493164062,-0.4281417429447174,76.443115234375,175.82615661621094,-1.0380189418792725,
0,181.80715942382812,127.775634765625,-0.25414174795150757,195.5050506591797,205.0463409423828,-0.551855742931366,188.74880981445312,167.4368438720703,-1.1662932634353638,
1,95.83618927001953,136.6724853515625,-0.1818300038576126,70.70853424072266,202.54234313964844,-0.3804307281970978,68.45330810546875,181.4764862060547,-0.9856373071670532,
0,181.52076721191406,126.93832397460938,-0.2884749472141266,195.450927734375,204.78570556640625,-0.5707658529281616,186.35995483398438,167.5845947265625,-1.16679847240448,
1,96.64933013916016,133.23338317871094,-0.17396776378154755,71.1047134399414,195.17491149902344,-0.29253149032592773,63.367774963378906,181.8015594482422,-0.8041898012161255,
0,180.3813934326172,127.0336685180664,-0.2680715024471283,195.78843688964844,204.7180633544922,-0.558402419090271,185.87730407714844,173.91073608398438,-1.160557508468628,
1,97.27799224853516,131.81158447265625,-0.1544886976480484,72.80591583251953,192.8380126953125,-0.2522786259651184,65.27569580078125,186.79501342773438,-0.7650132179260254,
0,179.7649383544922,127.66097259521484,-0.26963117718696594,196.39645385742188,205.05804443359375,-0.5625438690185547,184.91737365722656,178.48402404785156,-1.1721222400665283,
1,97.2239990234375,131.025390625,-0.1540290117263794,73.71990203857422,194.7847442626953,-0.26203733682632446,68.46856689453125,189.96665954589844,-0.7924593091011047,
0,179.31533813476562,128.0686492919922,-0.27524080872535706,196.7349090576172,205.27369689941406,-0.5691872835159302,184.36416625976562,180.3936004638672,-1.1816372871398926,
1,97.19100189208984,130.60806274414062,-0.15340113639831543,74.32776641845703,195.57876586914062,-0.2696278691291809,69.39022064208984,192.05397033691406,-0.8036247491836548,
0,179.26316833496094,129.5095977783203,-0.27055588364601135,197.0777130126953,206.59251403808594,-0.5569158792495728,184.29837036132812,182.64389038085938,-1.1897791624069214,
1,96.58771514892578,130.65065002441406,-0.15430493652820587,74.29853820800781,205.40011596679688,-0.33359676599502563,69.68219757080078,189.7045135498047,-0.9747867584228516,
0,179.2504119873047,132.12078857421875,-0.2488514482975006,197.71868896484375,207.08944702148438,-0.5075321197509766,184.25306701660156,185.99163818359375,-1.1055757999420166,
1,95.2895736694336,136.62197875976562,-0.14323729276657104,77.90110778808594,210.3946533203125,-0.2893838584423065,70.66414642333984,201.6067657470703,-0.8397300839424133,
0,179.15118408203125,132.87106323242188,-0.1851775199174881,197.81527709960938,198.3024139404297,-0.18179747462272644,190.00994873046875,218.23019409179688,-0.49318718910217285,
1,94.48548889160156,138.4025115966797,-0.20199522376060486,76.75021362304688,204.0393524169922,-0.3011767268180847,74.36263275146484,216.47747802734375,-0.6960551142692566,
0,179.06375122070312,134.12477111816406,-0.17585912346839905,196.98745727539062,197.3414306640625,-0.18032865226268768,192.64431762695312,225.6887664794922,-0.4771907329559326,
1,94.48855590820312,140.0446319580078,-0.18796244263648987,75.48836517333984,202.42507934570312,-0.22031135857105255,90.02255249023438,230.26309204101562,-0.5212098360061646,
0,179.0236053466797,135.00189208984375,-0.17560800909996033,196.2567138671875,197.5791473388672,-0.16912028193473816,193.05641174316406,227.17236328125,-0.44141870737075806,
1,94.4997787475586,140.86676025390625,-0.1804063320159912,75.40636444091797,202.26304626464844,-0.20511536300182343,94.00566864013672,232.11148071289062,-0.49331140518188477,
0,179.0135498046875,135.2491455078125,-0.17288249731063843,194.93109130859375,198.28721618652344,-0.1713263988494873,192.50042724609375,227.4707489013672,-0.45754075050354004,
1,94.54141235351562,140.95962524414062,-0.168969988822937,74.136474609375,202.26107788085938,-0.21030087769031525,91.28024291992188,223.2260284423828,-0.6159643530845642,
0,179.0244140625,137.4988250732422,-0.2245851308107376,192.07115173339844,206.09918212890625,-0.23403331637382507,176.00140380859375,233.4244842529297,-0.6403241753578186,
1,94.53092956542969,140.6758575439453,-0.1441466063261032,72.20636749267578,203.47592163085938,-0.29016929864883423,87.07368469238281,207.7248077392578,-0.8054656982421875,
0,179.02285766601562,137.6006317138672,-0.2230941355228424,192.0950927734375,207.17813110351562,-0.23613648116588593,176.39279174804688,230.83905029296875,-0.5957359075546265,
1,94.23709106445312,140.52073669433594,-0.17464011907577515,71.9504165649414,207.19168090820312,-0.393157035112381,86.57945251464844,193.44479370117188,-0.9503629803657532,
0,179.04339599609375,137.5364532470703,-0.19559374451637268,192.6266326904297,206.84059143066406,-0.2405136078596115,184.8590850830078,234.4014129638672,-0.6263350248336792,
1,94.27098083496094,140.48480224609375,-0.1405027210712433,71.78495025634766,205.6808624267578,-0.3547503352165222,71.59503936767578,195.5503387451172,-0.9275000691413879,
0,179.06668090820312,137.49620056152344,-0.19248919188976288,192.93214416503906,206.63206481933594,-0.2418173849582672,188.435546875,235.42153930664062,-0.6255815029144287,
1,94.275146484375,140.4487762451172,-0.13513386249542236,71.6771011352539,204.8788604736328,-0.3447474241256714,62.88426208496094,196.52882385253906,-0.9269487261772156,
0,179.09274291992188,137.5349884033203,-0.27048808336257935,195.55264282226562,207.43609619140625,-0.3002012372016907,194.861328125,245.34445190429688,-0.6553122401237488,
1,94.32476043701172,140.4339141845703,-0.19307073950767517,66.49238586425781,203.28717041015625,-0.3736439049243927,40.656044006347656,201.8656463623047,-0.8957786560058594,
0,178.03341674804688,137.45230102539062,-0.3601718544960022,202.43606567382812,202.42005920410156,-0.3561476171016693,204.6834716796875,234.73922729492188,-0.6690630316734314,
1,92.63427734375,137.71836853027344,-0.3286973834037781,56.68091583251953,195.47979736328125,-0.5567354559898376,37.35073471069336,195.57740783691406,-1.1341758966445923,
0,176.52447509765625,137.43585205078125,-0.16668446362018585,214.70455932617188,198.83773803710938,-0.3437507748603821,209.66317749023438,193.9495849609375,-0.7879111766815186,
1,92.24010467529297,137.98153686523438,-0.14098048210144043,49.253662109375,194.8549346923828,-0.4549598693847656,43.8746452331543,154.0896453857422,-0.9935430288314819,
0,175.88601684570312,137.39190673828125,-0.148971289396286,216.98751831054688,197.5240936279297,-0.35042697191238403,207.79681396484375,187.150146484375,-0.8229725956916809,
1,92.10990142822266,138.0808563232422,-0.12176750600337982,47.833892822265625,194.405029296875,-0.44374722242355347,49.40333938598633,150.07861328125,-0.9720646739006042,
0,175.46385192871094,137.65676879882812,-0.1673835813999176,219.61080932617188,194.7361297607422,-0.25167936086654663,245.0943603515625,197.12734985351562,-0.6425238847732544,
1,92.12387084960938,139.1363525390625,-0.10790348052978516,45.50334548950195,194.84365844726562,-0.435748815536499,35.29293441772461,153.46212768554688,-1.0325026512145996,
0,174.97291564941406,137.60833740234375,-0.1753256469964981,220.1968536376953,193.74624633789062,-0.26979339122772217,244.65391540527344,202.08380126953125,-0.739275336265564,
1,91.97384643554688,139.7425994873047,-0.1228145956993103,45.22442626953125,195.09671020507812,-0.42214712500572205,29.22062110900879,158.52049255371094,-1.0279039144515991,
0,174.26242065429688,137.37754821777344,-0.13361772894859314,218.79513549804688,193.91470336914062,-0.23613214492797852,243.28372192382812,198.91824340820312,-0.7385716438293457,
1,91.5701904296875,139.9399871826172,-0.09990161657333374,46.12828826904297,195.45204162597656,-0.3475000262260437,23.111936569213867,156.96176147460938,-0.9799078106880188,
0,173.85887145996094,137.23056030273438,-0.12225216627120972,218.11032104492188,193.99595642089844,-0.22519347071647644,243.24911499023438,198.17385864257812,-0.7371432781219482,
1,91.42174530029297,140.07884216308594,-0.08921526372432709,46.49465560913086,195.69601440429688,-0.32381242513656616,22.162057876586914,156.9354248046875,-0.9376446008682251,
0,173.65283203125,137.08795166015625,-0.045578256249427795,216.87515258789062,194.01678466796875,-0.2244395762681961,242.5894012451172,186.56436157226562,-0.8019031286239624,
1,91.07633972167969,139.9381866455078,-0.02257460728287697,47.57912063598633,194.9693145751953,-0.22797293961048126,21.211814880371094,159.79774475097656,-0.7991894483566284,
0,173.6080322265625,136.58753967285156,-0.06296937167644501,216.09886169433594,194.83026123046875,-0.23133711516857147,242.44964599609375,184.1565399169922,-0.7863889932632446,
1,90.99954223632812,139.50148010253906,0.0008894948405213654,51.13439178466797,195.03729248046875,-0.14452627301216125,22.333669662475586,169.8330841064453,-0.6510931849479675,
0,173.62042236328125,136.1413116455078,-0.09508658945560455,211.6796112060547,197.15357971191406,-0.23585805296897888,239.9140625,189.42214965820312,-0.7795093655586243,
1,90.96490478515625,139.3462677001953,-0.0246859360486269,58.251136779785156,196.55323791503906,-0.1717495322227478,26.28069305419922,195.0878143310547,-0.6444032788276672,
0,173.61300659179688,135.8262939453125,-0.10415275394916534,209.73147583007812,198.42214965820312,-0.24245810508728027,239.3775177001953,191.51324462890625,-0.7723910212516785,
1,90.94503784179688,139.25173950195312,-0.04994741082191467,61.88713836669922,197.48680114746094,-0.16005519032478333,27.466320037841797,200.14341735839844,-0.616249680519104,
0,173.39694213867188,135.7763671875,-0.21088655292987823,202.38284301757812,199.7608184814453,-0.413844496011734,206.65859985351562,192.4600067138672,-0.996025562286377,
1,90.66413116455078,139.3372039794922,-0.1205548420548439,67.81986999511719,201.2210693359375,-0.2405855357646942,54.677589416503906,196.2073516845703,-0.7679663896560669,
0,173.06390380859375,135.61611938476562,-0.24672171473503113,196.99557495117188,199.07574462890625,-0.34765878319740295,179.50039672851562,210.60281372070312,-0.6390551328659058,
1,90.67430114746094,139.36569213867188,-0.20386037230491638,72.23188781738281,202.56048583984375,-0.288687139749527,79.751220703125,206.7001190185547,-0.705144464969635,
0,173.1488800048828,135.6136016845703,-0.2577475607395172,194.79885864257812,202.52182006835938,-0.36349987983703613,176.23480224609375,220.07296752929688,-0.7416865825653076,
1,90.08751678466797,140.55609130859375,-0.19818909466266632,72.08758544921875,208.5666046142578,-0.36164844036102295,80.76170349121094,214.87960815429688,-0.8859524726867676,
0,173.2232666015625,135.6134490966797,-0.25985604524612427,193.89971923828125,204.0299072265625,-0.38484281301498413,175.15478515625,218.81272888183594,-0.7984266877174377,
1,89.769775390625,141.3242645263672,-0.19898413121700287,72.2791748046875,210.9317626953125,-0.3685573935508728,82.46607971191406,215.34181213378906,-0.8794592022895813,
0,173.2307586669922,135.55096435546875,-0.14412938058376312,193.189697265625,203.79302978515625,-0.15904024243354797,181.12057495117188,220.8765106201172,-0.46181678771972656,
1,89.64593505859375,141.29148864746094,-0.150845006108284,70.62975311279297,209.6192626953125,-0.22821518778800964,90.05738067626953,226.4144744873047,-0.5886502265930176,
0,173.25430297851562,136.21713256835938,-0.15513446927070618,192.44192504882812,204.55018615722656,-0.16969409584999084,169.4868621826172,227.0743865966797,-0.37255769968032837,
1,89.32798767089844,141.4820556640625,-0.06843061745166779,69.6994857788086,208.45147705078125,-0.12025125324726105,85.55540466308594,223.98876953125,-0.45001500844955444,
0,173.37338256835938,137.27618408203125,-0.27704593539237976,187.99374389648438,208.38577270507812,-0.38141268491744995,158.48269653320312,236.06651306152344,-0.7035659551620483,
1,89.2640609741211,141.44161987304688,-0.16725145280361176,69.12667846679688,210.88906860351562,-0.36950796842575073,80.10173797607422,208.17340087890625,-0.8787609338760376,
0,173.44932556152344,138.01722717285156,-0.29091253876686096,186.8138427734375,209.85379028320312,-0.3875937759876251,157.5177764892578,239.43832397460938,-0.7181656360626221,
1,89.26614379882812,141.2765350341797,-0.17917373776435852,68.80789184570312,211.1431121826172,-0.37819164991378784,78.78998565673828,196.67791748046875,-0.8818950653076172,
0,173.470947265625,137.95584106445312,-0.2606598734855652,184.35470581054688,210.4993133544922,-0.3643398880958557,161.189697265625,236.3716278076172,-0.6701631546020508,
1,89.53701782226562,139.96421813964844,-0.1560003161430359,69.78910827636719,209.42308044433594,-0.34419888257980347,75.0341567993164,195.1935577392578,-0.8667972683906555,
0,173.6389923095703,137.90374755859375,-0.21637079119682312,184.7435302734375,210.78570556640625,-0.3040260672569275,165.83895874023438,232.57440185546875,-0.652215301990509,
1,89.95973205566406,139.88760375976562,-0.13454720377922058,67.93660736083984,208.22593688964844,-0.3481631577014923,74.99813079833984,184.94607543945312,-0.9071688652038574,
0,173.79452514648438,137.87535095214844,-0.2240079641342163,185.76876831054688,212.86764526367188,-0.28464725613594055,166.14669799804688,240.8988800048828,-0.5426054000854492,
1,90.19021606445312,140.1726531982422,-0.1356581449508667,67.13700103759766,209.0933837890625,-0.3571398854255676,76.56328582763672,178.1332550048828,-0.8620578050613403,
0,173.8634033203125,137.8619842529297,-0.22680270671844482,186.35986328125,213.37698364257812,-0.27357035875320435,165.90481567382812,242.02455139160156,-0.5288951396942139,
1,90.33833312988281,140.38075256347656,-0.1389162540435791,66.46107482910156,209.68972778320312,-0.3644603490829468,77.2749252319336,176.8031768798828,-0.8541003465652466,
0,173.8589324951172,137.57379150390625,-0.26917383074760437,186.80007934570312,212.68911743164062,-0.316070020198822,169.67735290527344,244.4354705810547,-0.6251494884490967,
1,90.10427856445312,140.4192352294922,-0.2119724005460739,69.31433868408203,212.94000244140625,-0.46082988381385803,76.73878479003906,179.10330200195312,-0.980047881603241,
0,173.39718627929688,137.28945922851562,-0.265878826379776,188.36900329589844,210.63589477539062,-0.2997615933418274,178.89883422851562,242.22064208984375,-0.5995590090751648,
1,90.01740264892578,139.95289611816406,-0.19486042857170105,70.20557403564453,210.29959106445312,-0.3151324689388275,69.99899291992188,205.85650634765625,-0.7246533632278442,
0,173.21697998046875,136.81326293945312,-0.2692737877368927,193.7828369140625,201.40501403808594,-0.23234805464744568,186.43618774414062,240.96826171875,-0.479330837726593,
1,89.35079956054688,139.4000701904297,-0.258341908454895,69.70305633544922,205.4110107421875,-0.3001929223537445,73.2783432006836,213.31658935546875,-0.5958476662635803,
0,173.1956787109375,134.26437377929688,-0.26341381669044495,199.32015991210938,194.51400756835938,-0.18319422006607056,194.71788024902344,232.19512939453125,-0.42437800765037537,
1,87.917236328125,137.68894958496094,-0.31099918484687805,60.13637924194336,196.2321014404297,-0.3230143189430237,73.54810333251953,216.91404724121094,-0.6014246344566345,
0,173.19757080078125,132.47817993164062,-0.2360781878232956,201.19631958007812,193.3972625732422,-0.14339587092399597,197.05926513671875,228.29002380371094,-0.41171297430992126,
1,86.55791473388672,137.4817352294922,-0.293854296207428,55.608055114746094,194.61175537109375,-0.3245539963245392,73.72671508789062,216.76626586914062,-0.6244068145751953,
0,173.2034912109375,131.5625762939453,-0.2794312834739685,205.17391967773438,192.06686401367188,-0.16446349024772644,205.4573211669922,225.7605438232422,-0.44919028878211975,
1,85.6041259765625,136.43748474121094,-0.3661414682865143,50.56904220581055,192.4551544189453,-0.3495829105377197,73.60974884033203,216.78211975097656,-0.6610363125801086,
0,173.1814727783203,131.78915405273438,-0.27425748109817505,209.09478759765625,187.4459991455078,-0.17441025376319885,210.08583068847656,221.8548583984375,-0.4401733875274658,
1,84.32003021240234,136.21588134765625,-0.3292420506477356,46.93988037109375,189.63052368164062,-0.3199526369571686,70.65540313720703,217.27098083496094,-0.5654429197311401,
0,173.0284423828125,131.94117736816406,-0.33249759674072266,211.63101196289062,186.7138214111328,-0.3142266273498535,219.5395050048828,222.03248596191406,-0.6216365098953247,
1,84.18310546875,135.63165283203125,-0.32853442430496216,44.71416473388672,187.16600036621094,-0.3855707347393036,50.49565124511719,217.12286376953125,-0.7451015114784241,
0,172.9027099609375,132.0178680419922,-0.33632761240005493,212.22425842285156,186.29290771484375,-0.32815173268318176,220.50399780273438,221.59811401367188,-0.6347166895866394,
1,84.11798095703125,135.153076171875,-0.3270043432712555,44.360015869140625,185.41856384277344,-0.3848106563091278,45.88552474975586,217.7669219970703,-0.7404170036315918,
0,172.67015075683594,132.10105895996094,-0.3271285593509674,212.36981201171875,185.95828247070312,-0.35086679458618164,222.72607421875,220.94651794433594,-0.6573039293289185,
1,84.03773498535156,134.35899353027344,-0.3111223876476288,43.578269958496094,184.67848205566406,-0.34862685203552246,36.14677047729492,223.72483825683594,-0.6411851048469543,
0,172.63485717773438,132.14334106445312,-0.32296857237815857,213.19947814941406,186.1360626220703,-0.3186289668083191,221.5247344970703,221.34388732910156,-0.6195964813232422,
1,83.66581726074219,134.49049377441406,-0.3276768624782562,42.82366943359375,184.65382385253906,-0.3396386206150055,34.47637176513672,226.713623046875,-0.598979115486145,
0,172.5726318359375,132.18125915527344,-0.3154717981815338,212.73492431640625,187.01760864257812,-0.31181496381759644,219.45712280273438,227.66583251953125,-0.5984006524085999,
1,83.55790710449219,134.57594299316406,-0.31800490617752075,41.63301467895508,184.4824676513672,-0.3394595980644226,33.973506927490234,225.4624786376953,-0.6254844069480896,
0,172.53488159179688,132.19647216796875,-0.3130896985530853,212.63363647460938,187.60679626464844,-0.30512601137161255,218.8809814453125,230.2752227783203,-0.5870834589004517,
1,83.4305419921875,134.63934326171875,-0.3170931935310364,41.14985656738281,184.5869903564453,-0.3400917053222656,34.06486892700195,225.28919982910156,-0.6347413063049316,
0,172.2711181640625,132.6663360595703,-0.32085171341896057,212.018310546875,188.2689208984375,-0.29881012439727783,218.02029418945312,240.106689453125,-0.5801194906234741,
1,82.99980163574219,135.04710388183594,-0.30805954337120056,41.45708465576172,186.9781494140625,-0.27524855732917786,36.458736419677734,234.91624450683594,-0.5317129492759705,
0,172.16448974609375,133.57522583007812,-0.34879058599472046,211.373046875,192.344970703125,-0.2956433892250061,217.42071533203125,245.99180603027344,-0.5744754672050476,
1,82.07160186767578,136.42356872558594,-0.3461932837963104,42.12821960449219,195.6387176513672,-0.291986882686615,37.864933013916016,247.5882110595703,-0.5359185338020325,
0,171.74581909179688,133.99114990234375,-0.34095269441604614,209.13504028320312,193.57598876953125,-0.28799667954444885,217.18963623046875,242.9305419921875,-0.5742690563201904,
1,81.54443359375,137.07106018066406,-0.37089455127716064,42.52308654785156,197.81381225585938,-0.2982821762561798,37.97556686401367,248.41859436035156,-0.553805410861969,
0,171.7208709716797,133.9920196533203,-0.34384530782699585,205.24127197265625,194.7007598876953,-0.2874450087547302,216.41018676757812,250.10353088378906,-0.5958449244499207,
1,81.42080688476562,137.16758728027344,-0.3690279722213745,44.85289001464844,198.9060821533203,-0.30435746908187866,34.51367950439453,256.0668029785156,-0.5734349489212036,
0,171.7109832763672,133.9928741455078,-0.34215041995048523,203.60662841796875,195.32345581054688,-0.28728771209716797,215.99349975585938,251.65005493164062,-0.6008219718933105,
1,81.37419891357422,137.2821044921875,-0.36790406703948975,46.08707809448242,199.43685913085938,-0.3074450194835663,33.77171325683594,257.8546447753906,-0.5787243247032166,
0,171.66622924804688,134.09165954589844,-0.3437909781932831,200.28724670410156,196.6276397705078,-0.2808341681957245,215.61563110351562,260.5265808105469,-0.5860134363174438,
1,81.3072509765625,137.47927856445312,-0.35980892181396484,47.232139587402344,200.4139862060547,-0.2711830735206604,29.985530853271484,253.5276641845703,-0.5365889668464661,
0,171.55206298828125,134.32037353515625,-0.37430569529533386,197.52374267578125,199.96536254882812,-0.3266031742095947,207.17300415039062,264.20025634765625,-0.6190145611763,
1,81.33800506591797,137.4730682373047,-0.3342367112636566,49.523929595947266,200.03744506835938,-0.23399682343006134,29.756855010986328,252.65438842773438,-0.48381471633911133,
0,171.54736328125,134.74661254882812,-0.385659784078598,196.93142700195312,203.1458282470703,-0.33710697293281555,207.71273803710938,267.0899658203125,-0.6571322679519653,
1,81.31038665771484,137.49969482421875,-0.33382079005241394,50.28581237792969,201.71812438964844,-0.24649503827095032,28.63694953918457,259.59698486328125,-0.519707977771759,
0,171.50765991210938,134.75306701660156,-0.4016549587249756,193.0207061767578,205.38119506835938,-0.36138439178466797,201.11451721191406,266.7929992675781,-0.6676514744758606,
1,81.28014373779297,137.5247802734375,-0.32486164569854736,52.11635208129883,204.02545166015625,-0.22937993705272675,29.740177154541016,262.1063537597656,-0.5095392465591431,
0,171.50442504882812,134.7628173828125,-0.4082087576389313,191.86326599121094,206.11187744140625,-0.37242648005485535,199.10427856445312,266.4867248535156,-0.6732344627380371,
1,81.28511047363281,137.5316619873047,-0.3200543224811554,53.10528564453125,204.6956787109375,-0.225577712059021,30.547197341918945,263.74639892578125,-0.5030041933059692,
0,171.57666015625,135.1404571533203,-0.39985567331314087,187.26565551757812,210.4119110107422,-0.3874061107635498,189.8778076171875,267.19451904296875,-0.6971253752708435,
1,81.25739288330078,137.55667114257812,-0.31025823950767517,55.887718200683594,206.59194946289062,-0.2377171516418457,31.221054077148438,260.4288024902344,-0.5293333530426025,
0,171.576171875,135.3479461669922,-0.3897491693496704,185.68350219726562,210.3616485595703,-0.3699798583984375,184.13723754882812,266.9231262207031,-0.6814690828323364,
1,81.320556640625,137.56192016601562,-0.28504931926727295,59.61457061767578,207.66680908203125,-0.22708186507225037,37.53125,266.77899169921875,-0.5163902044296265,
0,171.5748291015625,135.634765625,-0.3868164122104645,185.8695068359375,210.72605895996094,-0.36751827597618103,186.51318359375,269.05059814453125,-0.6793285608291626,
1,81.22735595703125,137.51121520996094,-0.2864353358745575,60.94950866699219,207.97886657714844,-0.23057439923286438,46.33005142211914,269.1169128417969,-0.521176815032959,
0,171.56024169921875,135.888427734375,-0.38451409339904785,186.69448852539062,210.64077758789062,-0.36192893981933594,187.84715270996094,269.0834045410156,-0.6757069230079651,
1,81.19146728515625,137.41058349609375,-0.28773075342178345,61.23796081542969,208.04066467285156,-0.21942463517189026,49.598182678222656,270.35675048828125,-0.473242849111557,
0,171.53501892089844,136.03643798828125,-0.38367581367492676,186.9911346435547,210.5857696533203,-0.358415424823761,188.28738403320312,269.1539306640625,-0.667763888835907,
1,81.17969512939453,137.29859924316406,-0.2874011993408203,61.31565856933594,208.10072326660156,-0.21429960429668427,50.3505744934082,270.9907531738281,-0.4633208215236664,
0,171.52215576171875,136.04525756835938,-0.3843860328197479,186.341064453125,210.87074279785156,-0.3599826693534851,186.64974975585938,270.0065612792969,-0.6626179218292236,
1,81.00932312011719,137.13597106933594,-0.28884994983673096,61.08909225463867,207.83377075195312,-0.21608726680278778,50.055763244628906,271.1141357421875,-0.4720228314399719,
0,171.4603271484375,135.7390594482422,-0.37054699659347534,186.33514404296875,210.4432373046875,-0.3524004817008972,187.99813842773438,269.4131774902344,-0.6600726842880249,
1,80.96475219726562,137.02151489257812,-0.30006372928619385,60.66720962524414,208.1489715576172,-0.24114160239696503,48.832305908203125,272.7659912109375,-0.5112254023551941,
0,171.4527130126953,135.7093963623047,-0.3776187300682068,186.14578247070312,210.51766967773438,-0.3635709583759308,186.9745635986328,269.1260986328125,-0.6780250072479248,
1,80.91511535644531,136.533203125,-0.3126599192619324,60.963035583496094,208.06707763671875,-0.2595939338207245,48.08594512939453,271.9954833984375,-0.5320061445236206,
0,171.44805908203125,135.69174194335938,-0.38089045882225037,186.07766723632812,210.60073852539062,-0.36794403195381165,186.56222534179688,268.9290771484375,-0.6851240396499634,
1,80.86144256591797,136.26417541503906,-0.3198075294494629,61.112091064453125,207.9194793701172,-0.2711114287376404,47.63423156738281,271.872802734375,-0.5480088591575623,
0,171.31594848632812,135.691162109375,-0.38072285056114197,184.83651733398438,210.73851013183594,-0.36150187253952026,184.58721923828125,268.2054443359375,-0.644820511341095,
1,80.85554504394531,135.9534454345703,-0.3084701895713806,61.16741943359375,207.06907653808594,-0.2158292829990387,48.347110748291016,271.1875915527344,-0.4484758973121643,
0,171.2582244873047,136.3075408935547,-0.3652797341346741,181.9817352294922,212.105224609375,-0.34607577323913574,175.6356201171875,267.53668212890625,-0.629601776599884,
1,80.99920654296875,135.91510009765625,-0.2697717547416687,62.25437927246094,207.0181427001953,-0.1832117736339569,54.44271469116211,269.05841064453125,-0.4373994469642639,
0,171.0743408203125,135.7176513671875,-0.2183947116136551,182.52825927734375,208.04322814941406,-0.21975187957286835,167.5408172607422,241.58517456054688,-0.5133062601089478,
1,81.74987030029297,134.14671325683594,-0.16393442451953888,62.14105224609375,196.92626953125,-0.19468215107917786,65.79570007324219,228.88241577148438,-0.5578151941299438,
0,170.9398193359375,135.4193572998047,-0.2090325802564621,182.88734436035156,205.9036102294922,-0.20222315192222595,165.4891357421875,237.009521484375,-0.4873712658882141,
1,82.27120208740234,133.06687927246094,-0.16639092564582825,62.015743255615234,192.69033813476562,-0.1976488083600998,67.42316436767578,224.45135498046875,-0.5545634627342224,
0,170.91856384277344,135.71337890625,-0.20191869139671326,183.14846801757812,205.67567443847656,-0.24810639023780823,168.11685180664062,221.1578826904297,-0.6545138359069824,
1,83.01504516601562,132.96107482910156,-0.16143099963665009,61.900413513183594,194.7705841064453,-0.20589204132556915,69.48985290527344,217.8916473388672,-0.6650165319442749,
0,170.9547119140625,135.69960021972656,-0.2369031012058258,185.11492919921875,205.82476806640625,-0.40454691648483276,169.4405517578125,213.78067016601562,-0.914448618888855,
1,83.58883666992188,133.04273986816406,-0.18405425548553467,61.80656814575195,198.29971313476562,-0.36340567469596863,68.734375,202.3954620361328,-0.9285944700241089,
0,171.04534912109375,135.4818115234375,-0.25752294063568115,189.79425048828125,206.4532928466797,-0.5390490889549255,169.95181274414062,207.0305633544922,-1.1328356266021729,
1,84.03318786621094,133.52366638183594,-0.18948054313659668,62.32524490356445,203.71633911132812,-0.4009396433830261,66.52110290527344,199.3782501220703,-1.0331518650054932,
0,171.09393310546875,135.29808044433594,-0.27505382895469666,191.4439239501953,206.87916564941406,-0.5531565546989441,169.99932861328125,205.6934356689453,-1.155531644821167,
1,84.30889129638672,133.7664031982422,-0.19574838876724243,62.650062561035156,205.6473846435547,-0.411395788192749,65.28335571289062,198.72756958007812,-1.049879550933838,
0,171.2818145751953,135.27450561523438,-0.23242323100566864,194.35487365722656,208.84996032714844,-0.5072015523910522,168.05328369140625,194.8361358642578,-1.120615005493164,
1,84.34265899658203,134.61766052246094,-0.11111756414175034,63.19496536254883,208.53880310058594,-0.30588680505752563,64.30406951904297,203.3039093017578,-0.878227710723877,
0,172.5721435546875,135.0537567138672,-0.3087298274040222,194.94479370117188,211.6753387451172,-0.6177611947059631,169.2556610107422,195.43603515625,-1.2947279214859009,
1,84.42005920410156,135.739013671875,-0.18656042218208313,65.47589874267578,210.3727264404297,-0.34017953276634216,60.40141296386719,207.60211181640625,-0.9187909364700317,
0,172.66830444335938,135.0518798828125,-0.36172789335250854,194.475830078125,211.48228454589844,-0.6265838742256165,182.14248657226562,201.81590270996094,-1.2964198589324951,
1,84.40087890625,136.99822998046875,-0.2709304690361023,65.2716293334961,212.2879638671875,-0.33843401074409485,38.025325775146484,218.6991424560547,-0.7960590124130249,
0,172.63900756835938,134.99974060058594,-0.3531795144081116,192.68572998046875,209.42893981933594,-0.6301990151405334,186.03237915039062,202.08055114746094,-1.26688551902771,
1,84.52613830566406,137.25033569335938,-0.25908756256103516,66.83976745605469,211.45001220703125,-0.3602694869041443,38.68997573852539,217.7071990966797,-0.8622792363166809,
0,172.58892822265625,134.9562225341797,-0.3433665335178375,191.61170959472656,208.3755645751953,-0.6204851865768433,187.16690063476562,202.08779907226562,-1.2570655345916748,
1,84.62517547607422,137.46279907226562,-0.24972553551197052,67.6081771850586,210.89759826660156,-0.3532803952693939,39.939517974853516,217.2872314453125,-0.8641306757926941,
0,172.69039916992188,134.96484375,-0.3018246293067932,192.468994140625,208.15570068359375,-0.5845561623573303,186.804443359375,197.18768310546875,-1.1798969507217407,
1,85.92970275878906,137.04762268066406,-0.2462211549282074,71.03401184082031,209.5146484375,-0.504210889339447,75.9522476196289,184.87034606933594,-1.0803765058517456,
0,172.6783447265625,134.95639038085938,-0.24983146786689758,193.7971649169922,206.11083984375,-0.5003907084465027,192.9762420654297,200.586181640625,-1.1250683069229126,
1,86.2130126953125,137.05245971679688,-0.22507092356681824,70.42326354980469,209.646728515625,-0.4527405798435211,74.78480529785156,194.5002899169922,-1.0529512166976929,
0,173.22471618652344,134.92959594726562,-0.2616690993309021,195.61053466796875,204.26998901367188,-0.46885472536087036,190.99464416503906,202.33546447753906,-1.040952444076538,
1,86.5523452758789,137.17625427246094,-0.22105629742145538,69.77560424804688,209.86459350585938,-0.43812495470046997,70.97417449951172,198.25079345703125,-1.0537670850753784,
0,173.5696258544922,134.920166015625,-0.2670440077781677,196.45672607421875,203.54373168945312,-0.46727314591407776,190.22158813476562,203.3844757080078,-1.033400297164917,
1,86.71499633789062,137.28651428222656,-0.2209276705980301,69.2153091430664,210.1936798095703,-0.4419723451137543,69.4268798828125,199.00079345703125,-1.062715768814087,
0,173.776123046875,134.7178497314453,-0.2253282517194748,196.464111328125,201.54672241210938,-0.4390152096748352,185.07081604003906,201.5926971435547,-0.9700527191162109,
1,87.3423843383789,137.51966857910156,-0.18062999844551086,68.8777847290039,210.05828857421875,-0.3678368031978607,75.56755065917969,200.802734375,-0.8853297233581543,
0,174.1348419189453,134.71046447753906,-0.21577203273773193,196.9888458251953,200.3961944580078,-0.32482099533081055,180.77554321289062,211.5946502685547,-0.6569744348526001,
1,88.38856506347656,137.51951599121094,-0.15552563965320587,68.7837905883789,209.8888702392578,-0.31029242277145386,79.95977783203125,203.35691833496094,-0.7148072123527527,
0,174.2393798828125,135.14947509765625,-0.22607740759849548,200.74151611328125,200.8599090576172,-0.4181634485721588,177.64996337890625,197.70547485351562,-0.8190008997917175,
1,89.00187683105469,137.7957763671875,-0.13257263600826263,67.30321502685547,209.3510284423828,-0.295554518699646,79.7693099975586,210.67092895507812,-0.7348074316978455,
0,174.57852172851562,135.6081085205078,-0.2044307440519333,205.38372802734375,200.92127990722656,-0.48108649253845215,181.02481079101562,196.17054748535156,-1.1098682880401611,
1,89.56524658203125,137.93450927734375,-0.11605168879032135,65.33696746826172,208.8889617919922,-0.2944847345352173,78.36132049560547,213.13890075683594,-0.7885949015617371,
0,174.81838989257812,135.9604949951172,-0.18683774769306183,205.87899780273438,201.02972412109375,-0.48108571767807007,183.46530151367188,194.680908203125,-1.089968204498291,
1,89.75960540771484,138.07211303710938,-0.08676823228597641,64.6524429321289,208.2233428955078,-0.23496811091899872,78.00698852539062,214.9378662109375,-0.7453500032424927,
0,175.05245971679688,136.01129150390625,-0.1316249966621399,206.48001098632812,201.2647247314453,-0.41121387481689453,178.03668212890625,192.6654510498047,-0.9507683515548706,
1,89.94635772705078,138.26914978027344,-0.019285324960947037,63.9081916809082,208.2333221435547,-0.15878033638000488,80.61016845703125,216.24136352539062,-0.6276258230209351,
